# Created by manolo on 2013.06.01_06.52.08 <manolo@pinwino2>
# name: runtime
# type: matrix
# rows: 7
# columns: 20
 16.4428040981293 17.7422249317169 17.4342849254608 23.9881889820099 16.3810758590698 20.6311988830566 15.8273808956146 5.72919297218323 7.98413586616516 18.6567778587341 29.4808290004730 26.1059918403625 21.5678009986877 32.9628431797028 12.2824010848999 25.8178448677063 23.7278411388397 12.0146610736847 19.8029420375824 12.6726419925690
 35.2980668544769 36.3772690296173 13.6325631141663 20.1974699497223 31.1426758766174 17.1212539672852 23.7045891284943 20.9960360527039 30.9875609874725 16.2892320156097 20.3668279647827 27.1946167945862 29.3714501857758 14.7752339839935 27.7323889732361 6.94113206863403 23.9785029888153 21.6545059680939 40.4295270442963 23.8464441299438
 5.74170589447021 12.1712200641632 16.2015929222107 17.5596768856049 24.0467069149017 16.9012808799744 17.1257128715515 5.41284203529358 5.82068300247192 23.7017879486084 6.00157213211060 17.7847249507904 18.2761459350586 12.8352310657501 10.0811090469360 9.96867108345032 15.9082009792328 13.7803440093994 16.2673120498657 2.67952799797058
 20.0212168693542 35.5849509239197 6.57429790496826 40.4558668136597 23.5359139442444 32.4612109661102 4.57467007637024 33.8789420127869 28.7047438621521 26.4784610271454 23.7438528537750 10.0764269828796 26.9908249378204 17.5202519893646 40.4878549575806 26.6635580062866 32.1303319931030 11.2965300083160 27.9798879623413 32.8261580467224
 7.38440394401550 13.2228980064392 23.8574941158295 3.64836597442627 10.6318809986115 19.4719491004944 14.9629130363464 14.7881009578705 17.3275089263916 19.8556940555573 14.0972750186920 21.3055560588837 18.6244721412659 10.1726980209351 15.1698980331421 19.6873760223389 19.0603220462799 12.5024499893188 14.8721899986267 18.0922768115997
 26.2366480827332 26.0209059715271 10.6329278945923 33.2204079627991 55.9416959285736 9.03625392913818 33.9481530189514 52.5646488666534 23.0880570411682 35.7030308246613 47.9798321723938 17.9033219814301 31.7061901092529 24.8673059940338 12.1547989845276 59.0797879695892 24.5325291156769 20.0915019512177 26.5003700256348 53.9142248630524
 13.6083769798279 18.3756930828094 11.4956700801849 17.2675948143005 14.0103340148926 22.3302769660950 19.8129439353943 17.6027917861938 20.7672390937805 13.4022641181946 18.5958838462830 15.3004488945007 12.0192348957062 17.9773001670837 7.40731501579285 13.7089860439301 19.6328039169312 15.4777040481567 21.1032538414001 19.1096091270447
