# name: evaluations
# type: matrix
# rows: 7
# columns: 20
 9194.50000000000 10145.6000000000 10425.9000000000 13564.9000000000 8005.99999999999 12149.4000000000 9299.70000000001 3023.70000000000 4229.50000000000 9941.80000000001 16827.7000000000 15306.4000000000 11765.7000000000 18564.7000000000 6961.19999999999 14593 13245.5000000000 7055.59999999999 10167.2000000000 7413.30000000000
 17352.5000000000 18250.3000000000 6249.40000000000 8499.30000000001 14839.5000000000 7405.70000000001 12168.4000000000 9089.10000000001 15128.2000000000 7172.60000000000 9455.20000000001 12340.2000000000 14219.1000000000 7135.80000000000 13349.6000000000 3692.90000000001 11461.5000000000 10723.4000000000 17206.8000000000 11257.6000000000
 4853.40000000000 9199.90000000000 13781 14526.7000000000 19927.4000000000 13291.8000000000 13890.4000000000 5518.60000000000 5446.70000000000 19586.2000000000 5153.80000000000 14903.8000000000 15216.1000000000 9864.30000000000 9003 7213.70000000000 15421.2000000000 11687.7000000000 14729.7000000000 2104.30000000000
 7889.50000000000 12669.3000000000 3017.40000000000 14133.3000000000 9277.60000000000 11140.1000000000 2095.80000000000 10480.7000000000 10229.5000000000 9869.80000000000 8814.70000000001 4357.40000000000 9749.99999999999 6750.40000000001 14283.8000000000 8075.69999999999 10961.5000000000 4908.80000000000 11346.1000000000 11785.6000000000
 10081.7000000000 14754.8000000000 30344 4065.00000000000 13244.8000000000 20174.3000000000 16425.7000000000 19467.9000000000 19560.4000000000 23743.6000000000 16159.6000000000 27129.1000000000 20777.0000000000 12236.3000000000 17432.7000000000 24804.4000000000 24318.3000000000 14579.5000000000 17453 21453.8000000000
 10877.5000000000 10739.6000000000 4963.60000000000 13897.4000000000 21688.8000000000 4419.10000000000 14738.4000000000 19266.8000000001 10448.4000000000 14512.7000000000 18668.4000000000 7753.10000000001 12621.2000000000 10790.1000000000 5392.59999999999 19889.7000000000 9370.49999999999 9042.39999999998 10745.8000000000 23658.6999999999
 14758.4000000000 19357.1000000000 12983.8000000000 18616.6000000000 14861.8000000000 21587.3000000000 22482.4000000000 17828.0000000000 19968.5000000000 13499.4000000000 16455.8000000000 15483 13268.2000000000 17982.7000000000 8715.20000000000 13003.7000000000 22141.8000000000 15546.1000000000 20250.0000000000 16738.7000000000
