# name: evaluations
# type: matrix
# rows: 9
# columns: 20
 29811.5000000000 7950.80000000000 24162.1000000000 27801.5000000000 37434.8000000001 25455.8000000000 18896 18939.7000000000 25100.4999999999 26698.6000000000 36460.7000000000 18497.8000000000 33627.4000000001 7218.30000000000 5415.39999999999 14844.9000000000 18614.7000000000 24087.7999999999 33593.6999999999 8288.40000000000
 21005.4000000000 11950.3000000000 10262.8000000000 23382.9000000000 32091.9000000000 20117.8000000000 17428.1000000000 25338.9000000000 13300.4000000000 34179.2000000000 39323.6999999999 13218.0000000000 15496.2000000000 19229.6000000000 47418.9999999999 25211.4000000000 23662 19610.6000000000 19577.3000000000 37132
 20300.0000000000 10705.1000000000 24975.7000000000 14676.3000000000 13923.1000000000 19467.9000000000 14242.2000000000 16498.4000000000 18843.5000000000 33219.9000000000 26085.1000000000 29986.5000000000 30407.5000000000 30310.9000000000 20347.1000000000 24350.2000000000 30439.3000000000 16442.6000000000 29678.4000000000 19231.0000000000
 22721.7000000000 26162.2000000000 28576.4000000000 18983.0000000000 29032.6000000000 27104.9000000000 26618.7000000000 30059.4000000000 23318 27994.2000000000 29072.8000000000 23967.3000000000 10599.9000000000 14737.5000000000 18654.6000000000 16308.2000000000 15223.9000000000 19417.6000000000 30324.6000000000 21933.6000000000
 18413.4000000000 30110.1000000000 30171.1000000000 21610.5000000000 13563.7000000000 27425.1000000000 26479.3000000000 25229.4000000000 31163.4000000000 27580 24099.7000000000 36108.7000000000 13078.6000000000 28060.0000000000 48007.6000000000 35066.1000000000 44682.9000000000 32591.1000000000 35007.0000000000 23272.9000000000
 22363.1000000000 21044.7000000000 25170.4000000000 29784.8000000000 33871.9000000000 18882.6000000000 26054.6000000000 27192.3000000000 28787.6000000000 9212.10000000000 34813.4000000000 12949.7000000000 15044.1000000000 15831.8000000000 13399.8000000000 17073.5000000000 38581.7000000000 18686.6000000000 27467.4000000000 31902.8000000000
 32775.8000000000 19056.8000000000 24956.7000000000 21966.3000000000 30098.9000000000 45433.9000000000 30349.1000000000 33918.8000000000 31458.6000000000 27134.8000000000 31255.5000000000 38936.7000000000 42722.3000000000 20439.7000000000 34519.6000000000 27218 24705.5000000000 23773.8000000000 30267.3000000000 10466.2000000000
 26251.8000000000 32213.1000000000 27256.1000000000 24185.2000000000 19201.5000000000 19907.7000000000 15151.2000000000 15438.4000000000 23909.1000000000 20001.4000000000 24059.5000000000 22752.4000000000 17041.3000000000 23837.7000000000 16207.1000000000 10624.3000000000 22340 23143.9000000000 23977.7000000000 21351.6000000000
 31410.4000000000 34026.9000000000 37450.6000000000 34272.0000000000 17982.7000000000 31797.3000000000 41593.6000000000 10050 57555.4000000001 15948.9000000000 30045.7000000000 49687.3000000000 28178.2000000000 43045.1000000000 25893.9000000000 41183.8000000000 20951.8000000000 29247.2000000000 29115.9000000000 15172
