# Created by manolo on 2013.06.12_04.58.17 <manolo@pinwino2>
# name: runtime
# type: matrix
# rows: 9
# columns: 20
 124.970500946045 13.2143108844757 101.964210033417 123.906820058823 152.479254961014 118.925168037415 78.2827548980713 67.0939068794250 106.457914829254 115.681127071381 126.614388942719 91.2429981231689 149.339382171631 30.3142540454865 22.5572700500488 61.9412438869476 78.9061939716339 102.743772029877 165.487887859344 20.9326839447021
 58.3970220088959 39.2302529811859 26.3112709522247 67.3524510860443 102.319305896759 56.5716528892517 56.4291961193085 62.9177148342133 29.3462579250336 94.6197168827057 80.3311989307404 44.5571641921997 48.7364261150360 41.6008138656616 144.208858013153 73.3789749145508 53.7640690803528 55.3933410644531 59.2442378997803 99.1003601551056
 46.1440331935883 28.6569209098816 78.3973109722137 34.9744009971619 37.1419651508331 66.0250380039215 41.2518711090088 49.9847731590271 58.4588539600372 103.953891038895 74.2443780899048 94.0091879367828 80.1617481708527 94.1833341121674 47.1482748985291 94.1412558555603 85.9391949176788 63.9358201026917 68.9963529109955 57.5649909973145
 97.7366569042206 78.2652659416199 123.656569004059 47.8320920467377 96.6359019279480 113.121660947800 95.7362718582153 105.059257030487 67.4979329109192 81.7541618347168 98.1815359592438 64.0868859291077 52.2703499794006 51.0536599159241 52.1437549591064 55.5226240158081 35.3979051113129 69.9345850944519 98.9973170757294 58.4280710220337
 43.4960670471191 53.0526168346405 57.4419860839844 43.7358360290527 17.5966119766235 50.1062808036804 33.4464471340179 55.1911349296570 65.4729101657867 60.5630788803101 36.5300970077515 65.8000669479370 21.5135231018066 44.5120570659637 73.9334139823914 76.3070960044861 77.1064460277557 53.6461579799652 80.1324748992920 46.2454969882965
 42.1994028091431 49.4271440505981 27.6066799163818 56.1172139644623 62.9157090187073 31.8946471214294 50.3996140956879 40.3233921527863 31.5627391338348 12.0686979293823 71.8122529983521 24.6635980606079 27.7273960113525 19.8755850791931 28.3210458755493 54.1338551044464 65.9670209884644 34.9738979339600 51.6839208602905 40.5451810359955
 58.1047499179840 48.8780970573425 49.6573510169983 60.8561868667603 59.9136199951172 112.453387022018 84.9097580909729 103.593280792236 66.5367059707642 48.4253840446472 100.744994878769 78.3183350563049 83.7458581924438 52.5674359798431 96.7588930130005 57.8703451156616 67.3493909835815 74.6504769325256 94.9197080135345 16.2111940383911
 66.8148369789124 61.2266581058502 52.8939189910889 36.5471880435944 44.1501739025116 43.5542240142822 20.3655509948730 23.6737899780273 40.6988880634308 42.5319759845734 44.4244301319122 38.3119468688965 31.8842639923096 47.6205070018768 41.9333140850067 19.2029628753662 35.3100638389587 34.8150839805603 47.3739528656006 45.7848970890045
 77.9701628684998 119.203705787659 117.218089103699 155.132408142090 56.8501820564270 108.715682983398 127.069618940353 30.5027530193329 230.958196878433 46.5007319450378 78.5397918224335 154.295742034912 99.8674879074097 133.403321981430 53.7559499740601 170.963747024536 67.6444239616394 73.6080319881439 74.5967931747437 37.6950008869171
