# Created by manolo on 2013.06.11_12.45.23 <manolo@pinwino2>
# name: runtime
# type: matrix
# rows: 9
# columns: 20
 37.2023510932922 85.4060540199280 5.45676207542419 22.4937510490417 22.8549220561981 94.9556291103363 118.621649026871 129.120797872543 58.1963491439819 87.9691298007965 79.6442179679871 3.22301101684570 107.082389116287 96.9335110187531 115.464983940125 34.5807609558105 78.9947819709778 136.130866050720 131.187289953232 59.0389020442963
 84.9548289775848 18.7381319999695 41.9686629772186 0.763378858566284 48.5174708366394 46.2984049320221 53.0607149600983 50.2024390697479 112.879076004028 39.2573618888855 65.5670340061188 114.941172838211 66.9464600086212 99.9256129264832 66.4239170551300 24.3268649578094 56.6458859443665 91.2290670871735 57.2358551025391 101.327453136444
 108.191540002823 70.5275149345398 7.09271597862244 51.7250220775604 86.4123570919037 107.575672864914 84.6100890636444 57.3384571075439 77.3261229991913 58.9626419544220 81.5687429904938 57.0277290344238 67.0906150341034 82.9326019287109 62.2563679218292 88.9225211143494 84.4800519943237 61.7677052021027 66.9467370510101 69.2392048835754
 64.5309000015259 76.3559639453888 59.2924311161041 77.4851861000061 100.534781932831 45.2024049758911 92.4224629402161 134.431815147400 132.498684167862 82.7261400222778 48.7331731319427 102.569380044937 67.3733868598938 0.567403078079224 140.429160118103 45.2619450092316 110.700013875961 23.5002269744873 161.020923137665 70.6428389549255
 74.5746769905090 57.5933239459991 27.5304069519043 53.8575780391693 72.0336852073669 31.3504869937897 37.1596639156342 36.2857019901276 65.3059439659119 58.3420910835266 42.3137960433960 60.9217500686646 53.4603540897369 32.9186151027679 58.0826411247253 41.2632131576538 54.6460399627686 46.3631091117859 82.7929520606995 42.7958250045776
 23.4876880645752 73.3386609554291 35.3508658409119 73.7241480350494 53.9108707904816 59.2386889457703 39.2774968147278 47.8333201408386 14.0336358547211 52.3823320865631 38.8248791694641 38.9795129299164 30.0904200077057 41.3274869918823 42.7319719791412 65.2939050197601 47.2448189258575 45.4114179611206 51.5256519317627 32.7218608856201
 41.4463369846344 70.6827161312103 51.1797680854797 46.7131459712982 73.1210389137268 41.1638479232788 88.8222651481628 81.0083138942719 89.5105140209198 97.0620570182800 84.4641151428223 66.3610730171204 85.1364769935608 14.6968891620636 49.5411350727081 82.1568131446838 55.5886311531067 74.2045941352844 78.0681841373444 46.2338089942932
 76.7965869903564 56.4030349254608 51.7105238437653 58.6572098731995 22.0603380203247 43.6101820468903 62.0312578678131 34.2421369552612 44.5359160900116 29.6856238842010 6.61154007911682 60.5654070377350 38.9610989093781 76.4514520168304 29.5045800209045 35.9954178333282 37.1943359375000 66.7527871131897 50.2890329360962 47.1835539340973
 155.844685077667 54.7544300556183 83.2598271369934 33.3106489181519 112.558300018311 106.289630174637 145.057722091675 105.813086032867 82.9825530052185 34.2604510784149 87.6033940315247 34.4194240570068 83.1625649929047 53.1410951614380 75.0924050807953 122.874462127686 100.363605976105 86.3796029090881 190.703306913376 50.5028591156006
