# name: evaluations
# type: matrix
# rows: 9
# columns: 20
 11964.2000000000 25222.7000000000 1644.50000000000 9267.20000000002 7892.30000000000 19589.4999999999 39478.1999999998 35454.4000000001 20473.9000000000 31245.2000000000 23087.9000000000 1712.30000000000 33294.3999999999 19416.2000000000 38343.3999999999 10949.6000000000 24190.3000000000 34660.2000000000 38705.8000000001 15752
 28693.2000000000 11418.2000000000 20498.3000000000 942 22483.3000000000 21089.9000000000 25332.1000000000 21776.6000000000 44644.7000000000 22897.3000000000 26399.2000000000 42798.1000000000 30565.4000000000 36348.3000000000 26342.6000000000 12362.4000000000 24110.7000000000 37075.7000000000 23483.1000000000 46930.9000000000
 37882.4000000000 24567.5000000000 3399.30000000000 22237 39994 31520.7000000001 39550.8000000000 34931 29510.4000000000 25921.2000000000 30352.6000000000 22676.9000000000 25648.7000000000 33075.1000000000 26169.1000000000 26467.9000000000 36460 30149.5000000000 24021.6000000000 28895.7000000000
 23105.8000000000 21517.7000000000 23078.9000000000 32225.8000000000 32303.1000000000 18165.4000000000 29205.5000000000 47898.3000000000 43837.7000000000 27467.2000000000 16335.8000000000 38736.1000000000 21564 871.600000000000 45119.2000000000 14753.6000000000 34550 11173.9000000000 51171.3000000000 31022.4000000000
 40763.3000000000 40977 21322.0000000000 37413.8000000000 39812.4000000000 22244.1000000000 25161.1000000000 31665.1000000000 47203.5000000000 35364.1000000000 39466.8000000000 32385.4000000000 37620.3000000000 23139.4000000000 34446 26891.0000000000 36466.1000000000 28659.5000000000 47653 33193.7000000000
 20088.1000000000 38550.7000000000 30105.3000000000 37741.7000000000 32183.6999999999 30065.7000000000 33249.6000000000 34193.5000000000 15296.5000000000 37847.3000000000 23265.0000000000 29764.5000000000 19200.4000000000 31317.3000000000 29480.0000000000 46524.4000000000 30795.5000000000 32826.4000000000 28059.2000000000 28386.6000000000
 24047.6000000000 33817.7000000000 22795.4000000000 34069.1000000000 37666.0000000000 26300.2000000000 42757.4000000000 45018 46728.5000000000 51974.9000000000 53275.6000000000 41770.0000000000 39921.2000000000 10907.4000000000 28091.1000000000 42377.1000000000 31264.5000000000 36409.2000000000 34026.2000000000 26989.5000000000
 45557.5000000000 30161.6000000000 31888.0000000000 34872.9000000000 11881.8000000000 23695.4000000000 31201.9000000000 26234.4000000000 27925.8000000000 28043.5000000000 9203.40000000000 33354.2000000000 20722.1000000000 42718.5000000000 17667.7000000000 30523.2000000000 22608.9000000000 43396.7000000000 29173.9000000000 24702.1000000000
 47663.6000000000 28369.3000000000 59355.3000000000 15952.2000000000 39898.7000000000 54187.1000000000 64219.3000000000 33108.3000000000 28147.9000000000 20933.1000000000 33936.7000000000 18919.9000000000 33857.1000000000 23540.5000000000 31266.7000000000 41182.4000000000 39771.2000000000 42299.3000000000 61823.5000000000 24652.1000000000
