# Created by manolo on 2013.05.31_23.09.03 <manolo@pinwino2>
# name: runtime
# type: matrix
# rows: 7
# columns: 20
 21.2902228832245 3.20417690277100 23.1568119525909 16.4665420055389 13.9817209243774 21.7404401302338 24.2454969882965 24.3395390510559 20.1322598457336 7.35207796096802 11.8757188320160 11.1810369491577 27.2743189334869 20.8093490600586 20.8817710876465 15.5399909019470 24.7387590408325 3.25304412841797 12.5842669010162 24.8087100982666
 3.30255103111267 13.1152410507202 20.1457400321960 12.1965730190277 16.0949079990387 18.9146051406860 28.6784029006958 9.42858791351318 25.4614369869232 16.1178438663483 21.4749000072479 22.8907878398895 33.3527750968933 2.71631312370300 7.53052401542664 18.6427841186523 31.4602398872375 23.9050281047821 15.9085819721222 9.48235607147217
 15.5562307834625 9.57927203178406 26.0034868717194 15.6460142135620 25.2644979953766 12.4264569282532 18.6344130039215 14.3603329658508 22.1839230060577 21.5169110298157 15.7722389698029 33.7169020175934 12.4945259094238 24.4916200637817 25.1623840332031 19.1590259075165 14.5633800029755 16.8295960426331 15.9223768711090 21.2485060691833
 28.3803260326385 19.4270401000977 22.2104201316833 20.1822991371155 31.1231369972229 26.3903400897980 20.6736638545990 19.3884439468384 44.1372799873352 24.4796509742737 31.9327189922333 18.6798799037933 41.3373210430145 34.9401588439941 15.0174109935760 2.47144508361816 35.2850430011749 17.8921508789062 17.8981199264526 27.5070090293884
 21.5766928195953 17.1454370021820 21.8533010482788 22.4174120426178 17.2381529808044 18.9416098594666 21.0862829685211 15.2638890743256 39.7891900539398 24.1021687984467 3.22121620178223 29.3218178749084 18.0070178508759 17.6243679523468 6.59610390663147 29.5215501785278 16.1640629768372 24.4035451412201 23.1190249919891 15.3322949409485
 24.2938477993011 12.8598001003265 37.5063219070435 24.4754989147186 36.1008520126343 32.4916129112244 17.5601501464844 34.6524438858032 11.3512389659882 29.4445281028748 14.0749509334564 14.9643690586090 7.90119194984436 35.3643379211426 27.3832180500031 21.7802999019623 30.1245760917664 35.7853469848633 31.8539910316467 28.4735410213470
 23.0113198757172 18.3157980442047 6.89573788642883 17.9321191310883 19.0289468765259 23.3562319278717 24.2532320022583 20.4141449928284 19.8992071151733 8.50390601158142 14.3929340839386 23.9841239452362 19.4171750545502 12.2948701381683 19.3242750167847 23.9910659790039 20.2911510467529 20.1147320270538 19.9106891155243 19.2196788787842
