# name: evaluations
# type: matrix
# rows: 7
# columns: 20
 16472.6000000000 2310.90000000000 17078.1000000000 10217 11074.7000000000 14784.2000000000 15864.9000000000 17253.7000000000 15693 5212.40000000000 6925.10000000001 7778 20624.2000000000 14301.7000000001 15105.6000000000 11161.4000000000 17079 1738.70000000000 9446.90000000002 18968.1999999999
 1826.20000000000 8024.50000000000 11842.7000000000 7455.40000000000 9789.79999999999 12003.1000000000 18630.1000000000 6168.60000000001 16622.1000000000 9198.49999999999 11958.2000000000 13732.9000000000 19783.6000000000 1616.60000000000 4737.10000000000 12029.6000000000 20773.8000000000 15624.9000000000 9103.60000000000 5843.10000000000
 17420.8000000000 10361.2000000000 26382.2000000000 17707.9000000000 28168.5000000000 13576.3000000000 21945.9000000000 16372.3000000000 24122.9000000000 23904 16840.6000000000 37899.8000000000 13043.4000000000 28141.1000000000 25472.2000000000 21231.5000000000 14464.5000000000 19068.1000000000 18415.8000000000 22184.3000000000
 16631.4000000000 9692.30000000000 11173.5000000000 10677.1000000000 16519.4000000000 14864.5000000000 11350.6000000000 11891.5000000000 25007.1000000000 13425.4000000000 16285.5000000000 10984.8000000000 20475.4000000000 16848.8000000000 8655.70000000000 1213.40000000000 19189.5000000000 9701.20000000001 9897.90000000000 14469
 32598.3000000001 28430.4000000000 38739.8000000000 38084.1000000000 30129.0000000000 30535.4000000001 33746.2000000000 26654.7000000000 58748.2000000000 33236.0000000000 6357.10000000000 41013.2000000000 30862.9000000000 27139.3000000000 11772.6000000000 48614.3000000000 26915.1000000000 32341.1000000000 40530.7000000000 25663.1000000000
 13824.7000000000 7151.09999999999 18958.5000000000 14990.1000000000 22442.9000000000 18218 11095.1000000000 19257.1000000000 6919.10000000000 16070 8600.29999999999 9364.90000000001 4919.40000000000 20204.5000000000 16924 14191.2000000000 15853.3000000000 19680.9000000000 17643.7000000000 18229.3000000000
 30323.7000000000 25141.3000000000 10708.3000000000 25271.7000000000 24137.6000000000 29861.1000000000 34940.9000000000 32481.5000000000 28622.3000000000 13620.4000000000 22336.2000000000 37980.9000000000 28588.9000000000 18649.2000000000 29661.8000000000 33850.7000000000 28177.9000000000 28781.5000000000 33080 26029.6000000000
