# Created by manolo on 2013.05.31_23.09.03 <manolo@pinwino2>
# name: runtime
# type: matrix
# rows: 7
# columns: 20
 21.2902228832245 3.20417690277100 23.1568119525909 16.4665420055389 13.9817209243774 21.7404401302338 24.2454969882965 24.3395390510559 20.1322598457336 7.35207796096802 11.8757188320160 11.1810369491577 27.2743189334869 20.8093490600586 20.8817710876465 15.5399909019470 24.7387590408325 3.25304412841797 12.5842669010162 24.8087100982666
 3.30255103111267 13.1152410507202 20.1457400321960 12.1965730190277 16.0949079990387 18.9146051406860 28.6784029006958 9.42858791351318 25.4614369869232 16.1178438663483 21.4749000072479 22.8907878398895 33.3527750968933 2.71631312370300 7.53052401542664 18.6427841186523 31.4602398872375 23.9050281047821 15.9085819721222 9.48235607147217
 15.5562307834625 9.57927203178406 26.0034868717194 15.6460142135620 25.2644979953766 12.4264569282532 18.6344130039215 14.3603329658508 22.1839230060577 21.5169110298157 15.7722389698029 33.7169020175934 12.4945259094238 24.4916200637817 25.1623840332031 19.1590259075165 14.5633800029755 16.8295960426331 15.9223768711090 21.2485060691833
 28.3803260326385 19.4270401000977 22.2104201316833 20.1822991371155 31.1231369972229 26.3903400897980 20.6736638545990 19.3884439468384 44.1372799873352 24.4796509742737 31.9327189922333 18.6798799037933 41.3373210430145 34.9401588439941 15.0174109935760 2.47144508361816 35.2850430011749 17.8921508789062 17.8981199264526 27.5070090293884
 21.5766928195953 17.1454370021820 21.8533010482788 22.4174120426178 17.2381529808044 18.9416098594666 21.0862829685211 15.2638890743256 39.7891900539398 24.1021687984467 3.22121620178223 29.3218178749084 18.0070178508759 17.6243679523468 6.59610390663147 29.5215501785278 16.1640629768372 24.4035451412201 23.1190249919891 15.3322949409485
 24.2938477993011 12.8598001003265 37.5063219070435 24.4754989147186 36.1008520126343 32.4916129112244 17.5601501464844 34.6524438858032 11.3512389659882 29.4445281028748 14.0749509334564 14.9643690586090 7.90119194984436 35.3643379211426 27.3832180500031 21.7802999019623 30.1245760917664 35.7853469848633 31.8539910316467 28.4735410213470
 23.0113198757172 18.3157980442047 6.89573788642883 17.9321191310883 19.0289468765259 23.3562319278717 24.2532320022583 20.4141449928284 19.8992071151733 8.50390601158142 14.3929340839386 23.9841239452362 19.4171750545502 12.2948701381683 19.3242750167847 23.9910659790039 20.2911510467529 20.1147320270538 19.9106891155243 19.2196788787842
# name: experiments
# type: string
# elements: 7
# length: 7
CL1-CR1
# length: 7
CL1-CR2
# length: 7
CL2-CR1
# length: 7
CL1-CR4
# length: 7
CL4-CR1
# length: 7
CL1-CR3
# length: 7
CL3-CR1
# name: evaluations
# type: matrix
# rows: 7
# columns: 20
 16472.6000000000 2310.90000000000 17078.1000000000 10217 11074.7000000000 14784.2000000000 15864.9000000000 17253.7000000000 15693 5212.40000000000 6925.10000000001 7778 20624.2000000000 14301.7000000001 15105.6000000000 11161.4000000000 17079 1738.70000000000 9446.90000000002 18968.1999999999
 1826.20000000000 8024.50000000000 11842.7000000000 7455.40000000000 9789.79999999999 12003.1000000000 18630.1000000000 6168.60000000001 16622.1000000000 9198.49999999999 11958.2000000000 13732.9000000000 19783.6000000000 1616.60000000000 4737.10000000000 12029.6000000000 20773.8000000000 15624.9000000000 9103.60000000000 5843.10000000000
 17420.8000000000 10361.2000000000 26382.2000000000 17707.9000000000 28168.5000000000 13576.3000000000 21945.9000000000 16372.3000000000 24122.9000000000 23904 16840.6000000000 37899.8000000000 13043.4000000000 28141.1000000000 25472.2000000000 21231.5000000000 14464.5000000000 19068.1000000000 18415.8000000000 22184.3000000000
 16631.4000000000 9692.30000000000 11173.5000000000 10677.1000000000 16519.4000000000 14864.5000000000 11350.6000000000 11891.5000000000 25007.1000000000 13425.4000000000 16285.5000000000 10984.8000000000 20475.4000000000 16848.8000000000 8655.70000000000 1213.40000000000 19189.5000000000 9701.20000000001 9897.90000000000 14469
 32598.3000000001 28430.4000000000 38739.8000000000 38084.1000000000 30129.0000000000 30535.4000000001 33746.2000000000 26654.7000000000 58748.2000000000 33236.0000000000 6357.10000000000 41013.2000000000 30862.9000000000 27139.3000000000 11772.6000000000 48614.3000000000 26915.1000000000 32341.1000000000 40530.7000000000 25663.1000000000
 13824.7000000000 7151.09999999999 18958.5000000000 14990.1000000000 22442.9000000000 18218 11095.1000000000 19257.1000000000 6919.10000000000 16070 8600.29999999999 9364.90000000001 4919.40000000000 20204.5000000000 16924 14191.2000000000 15853.3000000000 19680.9000000000 17643.7000000000 18229.3000000000
 30323.7000000000 25141.3000000000 10708.3000000000 25271.7000000000 24137.6000000000 29861.1000000000 34940.9000000000 32481.5000000000 28622.3000000000 13620.4000000000 22336.2000000000 37980.9000000000 28588.9000000000 18649.2000000000 29661.8000000000 33850.7000000000 28177.9000000000 28781.5000000000 33080 26029.6000000000
20.4708044528961 17.3803139925003 17.7320045232773 23.3450355529785 20.0139464139938 27.9283795356750 19.6581910848617 
20.4708044528961 17.3803139925003 17.7320045232773 23.3450355529785 20.0139464139938 27.9283795356750 19.6581910848617 
