# Created by manolo on 2013.06.20_14.42.37 <manolo@pinwino2>
# name: runtime
# type: matrix
# rows: 7
# columns: 20
 120.282778024673 120.325213909149 120.652949094772 120.164209127426 120.204098939896 120.142945051193 120.211102008820 120.267683029175 120.321484088898 120.289460897446 120.510766983032 120.371994972229 120.331586122513 120.490945100784 120.270922899246 120.786102056503 120.364025115967 120.370762109756 119.933017015457 120.272800922394
 119.937775135040 120.223964929581 120.197020053864 120.516431093216 120.469419956207 119.784084081650 120.598065853119 119.933757066727 120.280987024307 120.397490024567 120.077849864960 120.208759069443 119.596230030060 120.492182970047 120.256535053253 120.193879127502 120.342823028564 120.122210979462 120.099495887756 120.268040895462
 120.276036024094 120.480749130249 120.099238157272 120.186859130859 120.206278085709 120.196171045303 120.275119066238 120.583085060120 119.801287889481 120.320234060287 120.300764083862 119.721073150635 120.293200969696 120.409933090210 120.179649829865 120.249536037445 120.259864091873 120.416092157364 120.794788122177 120.285460948944
 120.210560083389 120.828353166580 120.301617145538 119.710273027420 120.135629892349 120.421736001968 120.252802848816 120.336070060730 120.059697151184 120.325617074966 120.140979051590 120.294898033142 120.270403862000 120.198478937149 120.231192111969 120.329499006271 120.658797979355 120.510786056519 120.150319099426 120.294065952301
 120.053795814514 120.311450004578 120.166471004486 120.178298950195 120.169486045837 119.959609031677 120.133724927902 120.120349884033 120.160371065140 120.489419937134 120.158734083176 120.136162996292 120.360496044159 120.157217025757 120.314401149750 121.339578151703 120.351052999496 120.318822860718 119.939871788025 120.067764043808
 119.934756040573 120.291101932526 119.851497888565 120.092541933060 120.287775993347 120.181069135666 120.307889938354 120.316450834274 120.209860086441 119.746455907822 121.407577991486 120.171812057495 120.192476987839 120.112562894821 120.208863019943 120.507761955261 120.071748018265 120.436667919159 120.304547071457 120.113629817963
 120.915472984314 120.370923042297 120.191545009613 120.095834970474 120.338820219040 120.623222827911 120.480404853821 120.035195112228 120.337123870850 119.959980010986 120.553562879562 120.201184988022 120.301726102829 120.186110973358 120.376007080078 120.184923171997 120.104199171066 120.296882152557 120.784504890442 120.512088060379
