# name: fitnesses
# type: matrix
# rows: 7
# columns: 20
 32.4520960000000 31.3738240000000 32.1294080000000 32.5313280000000 33.3294080000000 31.8917120000000 32.5313280000000 30.0936320000000 32.8907520000000 32.6105600000000 32.0501760000000 31.3738240000000 30.3747840000000 33.9690240000000 32.3303680000000 30.4540160000000 32.3303680000000 32.3303680000000 31.8917120000000 31.8124800000000
 31.9699840000000 32.9699840000000 31.8124800000000 34.0482560000000 34.2492160000000 34.2067200000000 33.7680640000000 30.2955520000000 33.1284480000000 31.0936320000000 32.1719040000000 33.6888320000000 29.6134400000000 34.7671040000000 31.5313280000000 32.1719040000000 31.8917120000000 32.2511360000000 33.8897920000000 30.6115200000000
 31.6115200000000 30.0945920000000 33.3294080000000 31.2520960000000 33.4086400000000 33.2501760000000 30.5332480000000 33.3294080000000 33.6888320000000 35.4859520000000 31.8917120000000 31.2520960000000 35.5651840000000 33.4086400000000 33.3294080000000 33.9690240000000 30.8926720000000 32.6105600000000 32.6105600000000 32.2511360000000
 33.6463360000000 32.6897920000000 33.9680640000000 31.9709440000000 32.6105600000000 31.5322880000000 32.0501760000000 32.4888320000000 32.5313280000000 31.1303680000000 35.1265280000000 32.0501760000000 29.4549760000000 31.1728640000000 34.1274880000000 31.0936320000000 32.6105600000000 31.1728640000000 29.6559360000000 30.7342080000000
 31.5322880000000 34.7671040000000 33.9690240000000 36.2048000000000 34.7671040000000 35.7661440000000 31.0511360000000 31.4105600000000 33.1709440000000 31.6907520000000 35.0472960000000 30.8917120000000 34.4076800000000 30.3747840000000 32.8115200000000 34.4869120000000 29.2540160000000 33.4086400000000 35.7661440000000 33.0492160000000
 30.4540160000000 32.7690240000000 35.0038400000000 30.7342080000000 30.5322880000000 30.0520960000000 33.0492160000000 30.6124800000000 32.3303680000000 32.0501760000000 31.6907520000000 31.2520960000000 30.5332480000000 31.5313280000000 30.9719040000000 31.0936320000000 31.6115200000000 31.3303680000000 36.9236480000000 29.8144000000000
 31.0511360000000 33.5671040000000 34.4869120000000 30.8926720000000 32.5313280000000 32.5313280000000 33.1284480000000 32.9699840000000 32.4096000000000 31.8124800000000 32.7690240000000 29.8144000000000 34.3284480000000 31.8917120000000 33.6096000000000 34.3284480000000 32.4888320000000 31.8917120000000 34.4076800000000 30.6549760000000
