# name: evaluations
# type: matrix
# rows: 7
# columns: 20
 44071.1250000000 50140.1750000000 35948.4000000000 47550.8250000000 47963.7500000000 48830.4750000000 48667.7000000000 48372.4750000000 47994.2500000000 44430.2250000000 54287.3500000000 46439.7750000000 48601.2250000000 54619.7000000000 47679.8250000000 49428.1500000000 42110.4000000000 47098.6500000000 40667.0750000000 39297.3750000000
 48014.9250000000 40959.0250000000 38682.3750000000 39454.8250000000 33924.9250000000 50760.4750000000 49240.7750000000 36793.5750000000 40395.2250000000 33896.9250000000 51574.9000000000 36000.7500000000 36768.0750000000 41945 35619.6750000000 38167.9250000000 32593.0500000000 27254.1250000000 39713.9500000000 30816.8750000000
 39196.1250000000 25210.5500000000 31128.6000000000 32611.9500000000 26451.5250000000 28635.5500000000 31444.2250000000 29949.6000000000 35094.1000000000 33465.8500000000 34091.8000000000 32461.8500000000 27847.1000000000 27463.3750000000 37447.8250000000 38288.9750000000 26542.9750000000 32717.4000000000 28784.0250000000 29552.3000000000
 24041.8250000000 33437.2000000000 21098.8250000000 26456 19220.7000000000 26294.5000000000 16918.0250000000 30863.5750000000 24904.0750000000 18328.7250000000 22605.2250000000 29694.5250000000 28676.5250000000 20656.0250000000 27104.4500000000 24595.6750000000 31576.5000000000 36224.5250000000 21998.1250000000 21808.3000000000
 25692.7500000000 18318.9500000000 17927.4500000000 27779.5500000000 21253.4500000000 28276.5750000000 23099.6750000000 23567.5500000000 25836.3500000000 16928.1000000000 23666.4500000000 16812.7750000000 34063.3750000000 23326.0000000000 47136.3250000000 18661.7250000000 18407.0000000000 21190.4000000000 20978.9250000000 20699.5000000001
 23915.8250000000 26722.7500000000 20191.8250000000 17810.6750000000 18847.9250000000 15802.6250000000 17228.8000000000 21816.0000000000 17186.3750000000 18531.0250000000 25622.3000000000 18489.3000000000 18131.7000000000 16745.1000000001 22409.0250000000 13417.6750000000 18196.8250000000 17249.3000000001 16018.6500000000 17814.5750000000
 31322.8250000000 35128.4250000000 26627.2000000000 31262.6750000000 35152.8750000000 28801.3750000000 36962.4750000000 30511.8750000000 37329.0750000000 35424.5750000000 36586.3500000000 26073.4000000000 24470.4000000000 29711.6750000000 34512.8250000000 33885.0250000000 30011.5500000000 43632.9500000000 33609.0000000000 43610.4250000000
