# Created by manolo on 2013.06.20_14.42.37 <manolo@pinwino2>
# name: runtime
# type: matrix
# rows: 7
# columns: 20
 120.282778024673 120.325213909149 120.652949094772 120.164209127426 120.204098939896 120.142945051193 120.211102008820 120.267683029175 120.321484088898 120.289460897446 120.510766983032 120.371994972229 120.331586122513 120.490945100784 120.270922899246 120.786102056503 120.364025115967 120.370762109756 119.933017015457 120.272800922394
 119.937775135040 120.223964929581 120.197020053864 120.516431093216 120.469419956207 119.784084081650 120.598065853119 119.933757066727 120.280987024307 120.397490024567 120.077849864960 120.208759069443 119.596230030060 120.492182970047 120.256535053253 120.193879127502 120.342823028564 120.122210979462 120.099495887756 120.268040895462
 120.276036024094 120.480749130249 120.099238157272 120.186859130859 120.206278085709 120.196171045303 120.275119066238 120.583085060120 119.801287889481 120.320234060287 120.300764083862 119.721073150635 120.293200969696 120.409933090210 120.179649829865 120.249536037445 120.259864091873 120.416092157364 120.794788122177 120.285460948944
 120.210560083389 120.828353166580 120.301617145538 119.710273027420 120.135629892349 120.421736001968 120.252802848816 120.336070060730 120.059697151184 120.325617074966 120.140979051590 120.294898033142 120.270403862000 120.198478937149 120.231192111969 120.329499006271 120.658797979355 120.510786056519 120.150319099426 120.294065952301
 120.053795814514 120.311450004578 120.166471004486 120.178298950195 120.169486045837 119.959609031677 120.133724927902 120.120349884033 120.160371065140 120.489419937134 120.158734083176 120.136162996292 120.360496044159 120.157217025757 120.314401149750 121.339578151703 120.351052999496 120.318822860718 119.939871788025 120.067764043808
 119.934756040573 120.291101932526 119.851497888565 120.092541933060 120.287775993347 120.181069135666 120.307889938354 120.316450834274 120.209860086441 119.746455907822 121.407577991486 120.171812057495 120.192476987839 120.112562894821 120.208863019943 120.507761955261 120.071748018265 120.436667919159 120.304547071457 120.113629817963
 120.915472984314 120.370923042297 120.191545009613 120.095834970474 120.338820219040 120.623222827911 120.480404853821 120.035195112228 120.337123870850 119.959980010986 120.553562879562 120.201184988022 120.301726102829 120.186110973358 120.376007080078 120.184923171997 120.104199171066 120.296882152557 120.784504890442 120.512088060379
# name: experiments
# type: string
# elements: 7
# length: 32
rule-length-3-mmdp-2-double-time
# length: 32
rule-length-4-mmdp-2-double-time
# length: 32
rule-length-5-mmdp-2-double-time
# length: 32
rule-length-6-mmdp-2-double-time
# length: 32
rule-length-7-mmdp-2-double-time
# length: 32
rule-length-8-mmdp-2-double-time
# length: 34
rule-length-3-8-mmdp-2-double-time
# name: evaluations
# type: matrix
# rows: 7
# columns: 20
 44071.1250000000 50140.1750000000 35948.4000000000 47550.8250000000 47963.7500000000 48830.4750000000 48667.7000000000 48372.4750000000 47994.2500000000 44430.2250000000 54287.3500000000 46439.7750000000 48601.2250000000 54619.7000000000 47679.8250000000 49428.1500000000 42110.4000000000 47098.6500000000 40667.0750000000 39297.3750000000
 48014.9250000000 40959.0250000000 38682.3750000000 39454.8250000000 33924.9250000000 50760.4750000000 49240.7750000000 36793.5750000000 40395.2250000000 33896.9250000000 51574.9000000000 36000.7500000000 36768.0750000000 41945 35619.6750000000 38167.9250000000 32593.0500000000 27254.1250000000 39713.9500000000 30816.8750000000
 39196.1250000000 25210.5500000000 31128.6000000000 32611.9500000000 26451.5250000000 28635.5500000000 31444.2250000000 29949.6000000000 35094.1000000000 33465.8500000000 34091.8000000000 32461.8500000000 27847.1000000000 27463.3750000000 37447.8250000000 38288.9750000000 26542.9750000000 32717.4000000000 28784.0250000000 29552.3000000000
 24041.8250000000 33437.2000000000 21098.8250000000 26456 19220.7000000000 26294.5000000000 16918.0250000000 30863.5750000000 24904.0750000000 18328.7250000000 22605.2250000000 29694.5250000000 28676.5250000000 20656.0250000000 27104.4500000000 24595.6750000000 31576.5000000000 36224.5250000000 21998.1250000000 21808.3000000000
 25692.7500000000 18318.9500000000 17927.4500000000 27779.5500000000 21253.4500000000 28276.5750000000 23099.6750000000 23567.5500000000 25836.3500000000 16928.1000000000 23666.4500000000 16812.7750000000 34063.3750000000 23326.0000000000 47136.3250000000 18661.7250000000 18407.0000000000 21190.4000000000 20978.9250000000 20699.5000000001
 23915.8250000000 26722.7500000000 20191.8250000000 17810.6750000000 18847.9250000000 15802.6250000000 17228.8000000000 21816.0000000000 17186.3750000000 18531.0250000000 25622.3000000000 18489.3000000000 18131.7000000000 16745.1000000001 22409.0250000000 13417.6750000000 18196.8250000000 17249.3000000001 16018.6500000000 17814.5750000000
 31322.8250000000 35128.4250000000 26627.2000000000 31262.6750000000 35152.8750000000 28801.3750000000 36962.4750000000 30511.8750000000 37329.0750000000 35424.5750000000 36586.3500000000 26073.4000000000 24470.4000000000 29711.6750000000 34512.8250000000 33885.0250000000 30011.5500000000 43632.9500000000 33609.0000000000 43610.4250000000
# name: fitnesses
# type: matrix
# rows: 7
# columns: 20
 32.4520960000000 31.3738240000000 32.1294080000000 32.5313280000000 33.3294080000000 31.8917120000000 32.5313280000000 30.0936320000000 32.8907520000000 32.6105600000000 32.0501760000000 31.3738240000000 30.3747840000000 33.9690240000000 32.3303680000000 30.4540160000000 32.3303680000000 32.3303680000000 31.8917120000000 31.8124800000000
 31.9699840000000 32.9699840000000 31.8124800000000 34.0482560000000 34.2492160000000 34.2067200000000 33.7680640000000 30.2955520000000 33.1284480000000 31.0936320000000 32.1719040000000 33.6888320000000 29.6134400000000 34.7671040000000 31.5313280000000 32.1719040000000 31.8917120000000 32.2511360000000 33.8897920000000 30.6115200000000
 31.6115200000000 30.0945920000000 33.3294080000000 31.2520960000000 33.4086400000000 33.2501760000000 30.5332480000000 33.3294080000000 33.6888320000000 35.4859520000000 31.8917120000000 31.2520960000000 35.5651840000000 33.4086400000000 33.3294080000000 33.9690240000000 30.8926720000000 32.6105600000000 32.6105600000000 32.2511360000000
 33.6463360000000 32.6897920000000 33.9680640000000 31.9709440000000 32.6105600000000 31.5322880000000 32.0501760000000 32.4888320000000 32.5313280000000 31.1303680000000 35.1265280000000 32.0501760000000 29.4549760000000 31.1728640000000 34.1274880000000 31.0936320000000 32.6105600000000 31.1728640000000 29.6559360000000 30.7342080000000
 31.5322880000000 34.7671040000000 33.9690240000000 36.2048000000000 34.7671040000000 35.7661440000000 31.0511360000000 31.4105600000000 33.1709440000000 31.6907520000000 35.0472960000000 30.8917120000000 34.4076800000000 30.3747840000000 32.8115200000000 34.4869120000000 29.2540160000000 33.4086400000000 35.7661440000000 33.0492160000000
 30.4540160000000 32.7690240000000 35.0038400000000 30.7342080000000 30.5322880000000 30.0520960000000 33.0492160000000 30.6124800000000 32.3303680000000 32.0501760000000 31.6907520000000 31.2520960000000 30.5332480000000 31.5313280000000 30.9719040000000 31.0936320000000 31.6115200000000 31.3303680000000 36.9236480000000 29.8144000000000
 31.0511360000000 33.5671040000000 34.4869120000000 30.8926720000000 32.5313280000000 32.5313280000000 33.1284480000000 32.9699840000000 32.4096000000000 31.8124800000000 32.7690240000000 29.8144000000000 34.3284480000000 31.8917120000000 33.6096000000000 34.3284480000000 32.4888320000000 31.8917120000000 34.4076800000000 30.6549760000000
