# name: evaluations
# type: matrix
# rows: 7
# columns: 20
 9184.31250000000 5633.37500000000 15556.0625000000 5291.62500000000 5335.87500000000 3268.56250000000 13340.3125000000 6967 3407.50000000000 7168.56250000000 11476.0625000000 7070.75000000000 6227.87500000000 11952.3750000000 1575.56250000000 6831.68750000000 6351.50000000000 7905.37500000000 9630.37500000000 2224.50000000000
 4064.50000000000 8734.68750000000 3499.37500000000 16729.7500000000 3082.93750000000 7367.56250000000 3965.31250000000 3308.25000000000 1190.06250000000 7109.18750000000 8933.43750000000 7226.50000000000 5550.37500000000 11408.0625000000 6920.37500000000 9065.25000000000 11422.4375000000 6190.43750000000 4654.75000000000 8332.25000000000
 19974.6250000000 10898.8125000000 17179.9375000000 9309.81250000000 4230.87500000000 16578 10057.9375000000 10323.8125000000 5786.50000000000 12902.8750000000 15614.0625000000 2986.25000000000 20013.7500000000 12213.3750000000 7896.43750000000 7293.18750000000 15042.5000000000 17106.6875000000 14731.5000000000 10160.4375000000
 9073.62500000000 11222.5625000000 3975.56250000000 11538.3750000000 5773.12500000000 8631.81250000000 6949.68750000000 4338.25000000000 9752.06250000000 6634.18750000000 2647.56250000000 5210.50000000000 6658.25000000000 8764.75000000000 3739.56250000000 8282.06250000000 5050.31250000000 10206.6250000000 11770.2500000000 4469.12500000000
 4182.31250000000 19585.1250000000 32600.8125000000 17849.9375000000 28887.0625000000 20432.2500000000 18773.6250000000 11160.8750000000 26872.0625000000 14003 26959.5625000000 21001.6250000000 14824.1250000000 15234.3125000000 28096.8750000000 11909.9375000000 11178.3750000000 30601.5000000000 21657 22381.2500000000
 9847.50000000000 3273.56250000000 1930.81250000000 1787.12500000000 7910.25000000000 2419.18750000000 5592.43750000000 10564.9375000000 8370 986.125000000000 2210.62500000000 10874 7786 4856.25000000000 8489.12500000000 7526.06250000000 10012.2500000000 8489.12500000000 12665.9375000000 7104.12500000000
 21853.3125000000 6779.50000000000 21826.7500000000 10954.8125000000 13671.6250000000 18885.3750000000 12761.5000000000 16633.7500000000 20242.5000000000 20119.8750000000 20419.3750000000 10255.3750000000 17599.5625000000 16579.4375000000 7740.75000000000 8385.68750000000 9803.87500000000 7036.37500000000 14423.2500000000 10431.9375000000
