# Created by manolo on 2013.06.01_02.15.24 <manolo@pinwino2>
# name: runtime
# type: matrix
# rows: 7
# columns: 20
 15.5293369293213 10.0248000621796 25.2226579189301 9.28480005264282 10.4646360874176 6.10002899169922 23.5767209529877 10.4206731319427 6.35439491271973 12.9375450611115 19.6619489192963 12.2568569183350 10.7884709835052 19.7509980201721 3.85582089424133 11.4610059261322 10.7688980102539 13.2431430816650 15.5719161033630 3.93282508850098
 7.32660984992981 17.7737917900085 7.00660705566406 31.4576230049133 7.70153903961182 13.7626760005951 9.19364714622498 7.37117385864258 2.90468287467957 15.0164010524750 18.1987469196320 13.3498029708862 9.77393317222595 20.8307831287384 11.8720860481262 17.6813638210297 24.2967159748077 11.5701370239258 8.63880205154419 15.8030741214752
 22.3001868724823 13.7491538524628 21.6711671352386 11.5616459846497 4.27731895446777 19.5455348491669 12.1515810489655 11.0109181404114 7.51583981513977 15.4789648056030 17.4466929435730 3.25166487693787 22.9346342086792 14.3301751613617 7.68951797485352 7.80956697463989 17.0181369781494 20.5031969547272 14.9274189472198 13.8669199943542
 20.0317010879517 29.4959928989410 7.58134913444519 29.1217801570892 13.3869559764862 21.4987988471985 16.2383739948273 8.93113303184509 23.2283229827881 18.3308260440826 6.23025703430176 11.4611630439758 16.3063790798187 22.7531111240387 7.73137903213501 18.6807382106781 11.4955210685730 26.4214761257172 24.5503740310669 11.6146647930145
 3.12986898422241 16.3669700622559 28.4401609897614 17.1826000213623 27.4991340637207 17.4900310039520 15.6658699512482 7.90248990058899 25.0542411804199 13.1405088901520 25.5461268424988 19.3007068634033 12.6118071079254 13.8404908180237 22.9759838581085 9.12151598930359 6.62152886390686 26.5356409549713 16.0301589965820 20.7153391838074
 21.1385340690613 7.91313600540161 4.84641885757446 4.14455318450928 15.0210828781128 4.51787614822388 11.5537121295929 20.3278000354767 18.2992749214172 2.82195591926575 4.14721798896790 26.6631488800049 17.6730439662933 12.8394401073456 18.0564658641815 16.7798471450806 21.8738138675690 17.5403721332550 28.4219369888306 14.6373398303986
 21.1037468910217 6.63788199424744 18.2151350975037 8.48504400253296 13.7924292087555 17.3585779666901 12.1728432178497 14.3686320781708 18.0261971950531 19.2037150859833 18.0355708599091 9.08611512184143 15.0359778404236 13.9177160263062 7.19797086715698 7.70209312438965 9.24087285995483 5.37509417533875 13.9766349792480 8.74164509773254
# name: experiments
# type: string
# elements: 7
# length: 7
CL1-CR1
# length: 7
CL1-CR2
# length: 7
CL2-CR1
# length: 7
CL1-CR4
# length: 7
CL4-CR1
# length: 7
CL1-CR3
# length: 7
CL3-CR1
# name: evaluations
# type: matrix
# rows: 7
# columns: 20
 9184.31250000000 5633.37500000000 15556.0625000000 5291.62500000000 5335.87500000000 3268.56250000000 13340.3125000000 6967 3407.50000000000 7168.56250000000 11476.0625000000 7070.75000000000 6227.87500000000 11952.3750000000 1575.56250000000 6831.68750000000 6351.50000000000 7905.37500000000 9630.37500000000 2224.50000000000
 4064.50000000000 8734.68750000000 3499.37500000000 16729.7500000000 3082.93750000000 7367.56250000000 3965.31250000000 3308.25000000000 1190.06250000000 7109.18750000000 8933.43750000000 7226.50000000000 5550.37500000000 11408.0625000000 6920.37500000000 9065.25000000000 11422.4375000000 6190.43750000000 4654.75000000000 8332.25000000000
 19974.6250000000 10898.8125000000 17179.9375000000 9309.81250000000 4230.87500000000 16578 10057.9375000000 10323.8125000000 5786.50000000000 12902.8750000000 15614.0625000000 2986.25000000000 20013.7500000000 12213.3750000000 7896.43750000000 7293.18750000000 15042.5000000000 17106.6875000000 14731.5000000000 10160.4375000000
 9073.62500000000 11222.5625000000 3975.56250000000 11538.3750000000 5773.12500000000 8631.81250000000 6949.68750000000 4338.25000000000 9752.06250000000 6634.18750000000 2647.56250000000 5210.50000000000 6658.25000000000 8764.75000000000 3739.56250000000 8282.06250000000 5050.31250000000 10206.6250000000 11770.2500000000 4469.12500000000
 4182.31250000000 19585.1250000000 32600.8125000000 17849.9375000000 28887.0625000000 20432.2500000000 18773.6250000000 11160.8750000000 26872.0625000000 14003 26959.5625000000 21001.6250000000 14824.1250000000 15234.3125000000 28096.8750000000 11909.9375000000 11178.3750000000 30601.5000000000 21657 22381.2500000000
 9847.50000000000 3273.56250000000 1930.81250000000 1787.12500000000 7910.25000000000 2419.18750000000 5592.43750000000 10564.9375000000 8370 986.125000000000 2210.62500000000 10874 7786 4856.25000000000 8489.12500000000 7526.06250000000 10012.2500000000 8489.12500000000 12665.9375000000 7104.12500000000
 21853.3125000000 6779.50000000000 21826.7500000000 10954.8125000000 13671.6250000000 18885.3750000000 12761.5000000000 16633.7500000000 20242.5000000000 20119.8750000000 20419.3750000000 10255.3750000000 17599.5625000000 16579.4375000000 7740.75000000000 8385.68750000000 9803.87500000000 7036.37500000000 14423.2500000000 10431.9375000000
11.1247384548187 12.6109445095062 14.0985475778579 17.3186025619506 16.7747850418091 15.9004650115967 13.8550726175309 
