# name: evaluations
# type: matrix
# rows: 9
# columns: 20
 10514.3125000000 12923.6875000000 12423.9375000000 11601.8125000000 4208.56250000000 47007.2500000000 16088.1250000000 15647.3750000000 8451.56250000000 47911.4375000000 4739.25000000000 6185.62500000000 32455.9375000000 39729.2500000000 37341.8750000000 30658.1875000000 11789.3125000000 10288.7500000000 14808.2500000000 32118.6875000000
 82061.5625000000 20568.9375000000 2796.75000000000 12936.9375000000 25254 43932.0625000000 34744.1875000000 26436.7500000000 27453.4375000000 27557.6250000000 28043.1250000000 18062.3125000000 14315.3125000000 36805.8750000000 32228.3750000000 25955.4375000000 15536.0625000000 43151.7500000000 33387.6250000000 36854.1250000000
 5709.37500000000 13556.4375000000 19149.6875000000 8303.81250000000 38977.2500000000 19791.1875000000 13094 18538.0625000000 27862.8125000000 9781.68750000000 52712.7500000000 21069.2500000000 17596.2500000000 12050 24964.6875000000 8070.31250000000 18878.3750000000 15302.7500000000 27114.2500000000 15490.8750000000
 30097.5625000000 23757 39975.3125000000 1787.25000000000 31800.8125000000 19324.2500000000 15440.1250000000 14627.3750000000 24144 4847.37500000000 21293.9375000000 28953.3750000000 19370.3125000000 21510.1875000000 42433.8125000000 13885.6250000000 16710.1875000000 28058.3750000000 42889.1250000000 8707.37500000000
 21962.3125000000 35409.5000000000 43157.3750000000 46879.1875000000 58437.9375000000 30618.5000000000 22676.7500000000 6364.50000000000 14111.6250000000 32440.6875000000 15002.2500000000 17289.6875000000 16576.3125000000 9538.12500000000 13451.9375000000 9547.68750000000 12743.6875000000 54223.2500000000 18722.0625000000 42274.3750000000
 20116.5000000000 10985.6875000000 16846.6875000000 17967.2500000000 52245.1250000000 37369.6875000000 15897 14626.0625000000 26699.6250000000 25860.8750000000 16955 15539.6250000000 46201.3125000000 18851.2500000000 13101.9375000000 25143.5625000000 22932.5625000000 25527.6250000000 14366.8750000000 8417.56250000000
 33233.9375000000 6405.68750000000 58767 26366.0625000000 5553.56250000000 61514.1875000000 25205.9375000000 37531.6250000000 25099.7500000000 54468.1875000000 15166 12444.5625000000 42270.9375000000 6551 31131.2500000000 38148.8125000000 21020.2500000000 35423.5000000000 10887.6875000000 32160.5000000000
 24449.0625000000 28410.5000000000 17380.6875000000 17641.2500000000 15237 20804.8125000000 11150.3750000000 12794.1250000000 28914.4375000000 24587.8750000000 23275.1250000000 38908.8750000000 13918.8125000000 37189 31109.6250000000 44401.6250000000 27175.9375000000 76869.6250000000 12915.6250000000 53867.5000000000
 14564.5000000000 49475.6250000000 28575.2500000000 8902.37500000000 26454.5000000000 17429.3125000000 17879.6250000000 9698.87500000000 26989.4375000000 20937.1875000000 23492.8750000000 51771.1875000000 59693.3750000000 20245.2500000000 14680.8750000000 75450.3750000000 32383.8750000000 27598.3125000000 24489.9375000000 59221.4375000000
