# Created by manolo on 2013.06.10_10.21.14 <manolo@pinwino2>
# name: runtime
# type: matrix
# rows: 9
# columns: 20
 54.3077168464661 55.8257448673248 46.2157158851624 42.3529632091522 13.9629089832306 345.614856004715 56.7041521072388 91.0716099739075 42.9772529602051 230.544667959213 24.9635350704193 27.6791801452637 114.134123086929 193.927505970001 221.906445026398 143.896373033524 66.8900148868561 35.9731090068817 65.7421569824219 128.496241092682
 280.313054084778 49.9261651039124 5.29998087882996 39.6929211616516 70.0223898887634 121.261772871017 110.677531957626 90.0364000797272 55.6692948341370 107.205721855164 101.927159070969 58.0487229824066 27.1447451114655 155.338320016861 118.107601881027 62.2947039604187 34.7762849330902 158.551928043365 88.7542979717255 83.7206230163574
 19.1572430133820 38.9255230426788 62.7806282043457 23.3806121349335 169.000097990036 44.2903330326080 31.4491820335388 77.1842420101166 75.5984020233154 28.5812339782715 187.414190053940 43.1110339164734 65.2379739284515 42.2000780105591 86.5088140964508 17.7644450664520 60.4441530704498 32.5644218921661 70.5684461593628 39.3374321460724
 122.847045183182 69.3636100292206 191.781383037567 1.98973798751831 98.1637120246887 63.8940331935883 57.0545239448547 38.1659729480743 91.1773109436035 13.7950699329376 65.3161768913269 93.3131558895111 71.1685729026794 62.4066851139069 254.856168985367 56.1524841785431 50.4781389236450 99.6147098541260 158.427802085876 20.1777331829071
 37.9362988471985 74.5424079895020 125.771373987198 117.884746074677 103.305415153503 62.8375880718231 42.5473890304565 10.2531211376190 25.1804909706116 46.8407871723175 35.7723450660706 34.9591050148010 26.4121098518372 16.4660630226135 24.2973690032959 22.1573739051819 20.9316761493683 122.142018079758 33.3568279743195 86.4192609786987
 39.9392409324646 15.3346757888794 39.8228840827942 29.2912008762360 112.165544986725 76.4066150188446 31.9309370517731 24.1542308330536 50.6337471008301 40.0749552249908 41.5111198425293 32.5481560230255 80.2022409439087 34.0505399703979 25.5248811244965 45.6370329856873 52.8074350357056 45.3631131649017 22.6691610813141 16.7486181259155
 85.2063059806824 9.86481499671936 252.520664930344 47.5999810695648 14.2625920772552 192.379373073578 63.9289309978485 109.917089939117 59.7218770980835 140.786957979202 29.5713739395142 29.3034329414368 92.7960319519043 14.1755239963531 84.2127718925476 82.4468319416046 35.1924889087677 111.646435022354 16.6239578723907 71.7060320377350
 51.7528219223022 58.0949020385742 43.7294909954071 26.3047969341278 46.5175960063934 45.7042250633240 17.9096229076385 23.8676199913025 74.3615448474884 61.6503970623016 35.4566419124603 125.131150007248 24.8830711841583 80.6241681575775 82.4439189434052 122.792760133743 56.4290080070496 149.116855859756 20.2266478538513 135.563004970551
 43.8751258850098 193.403155088425 91.3044190406799 19.0504901409149 77.0025031566620 56.4213109016418 45.7976818084717 21.6075558662415 88.4588611125946 72.7524731159210 111.720002174377 208.831099987030 259.164757013321 40.5513851642609 34.5902650356293 295.730049848557 105.492027997971 100.148127079010 91.4377241134644 282.445917844772
