# Created by manolo on 2013.06.10_10.21.14 <manolo@pinwino2>
# name: runtime
# type: matrix
# rows: 9
# columns: 20
 54.3077168464661 55.8257448673248 46.2157158851624 42.3529632091522 13.9629089832306 345.614856004715 56.7041521072388 91.0716099739075 42.9772529602051 230.544667959213 24.9635350704193 27.6791801452637 114.134123086929 193.927505970001 221.906445026398 143.896373033524 66.8900148868561 35.9731090068817 65.7421569824219 128.496241092682
 280.313054084778 49.9261651039124 5.29998087882996 39.6929211616516 70.0223898887634 121.261772871017 110.677531957626 90.0364000797272 55.6692948341370 107.205721855164 101.927159070969 58.0487229824066 27.1447451114655 155.338320016861 118.107601881027 62.2947039604187 34.7762849330902 158.551928043365 88.7542979717255 83.7206230163574
 19.1572430133820 38.9255230426788 62.7806282043457 23.3806121349335 169.000097990036 44.2903330326080 31.4491820335388 77.1842420101166 75.5984020233154 28.5812339782715 187.414190053940 43.1110339164734 65.2379739284515 42.2000780105591 86.5088140964508 17.7644450664520 60.4441530704498 32.5644218921661 70.5684461593628 39.3374321460724
 122.847045183182 69.3636100292206 191.781383037567 1.98973798751831 98.1637120246887 63.8940331935883 57.0545239448547 38.1659729480743 91.1773109436035 13.7950699329376 65.3161768913269 93.3131558895111 71.1685729026794 62.4066851139069 254.856168985367 56.1524841785431 50.4781389236450 99.6147098541260 158.427802085876 20.1777331829071
 37.9362988471985 74.5424079895020 125.771373987198 117.884746074677 103.305415153503 62.8375880718231 42.5473890304565 10.2531211376190 25.1804909706116 46.8407871723175 35.7723450660706 34.9591050148010 26.4121098518372 16.4660630226135 24.2973690032959 22.1573739051819 20.9316761493683 122.142018079758 33.3568279743195 86.4192609786987
 39.9392409324646 15.3346757888794 39.8228840827942 29.2912008762360 112.165544986725 76.4066150188446 31.9309370517731 24.1542308330536 50.6337471008301 40.0749552249908 41.5111198425293 32.5481560230255 80.2022409439087 34.0505399703979 25.5248811244965 45.6370329856873 52.8074350357056 45.3631131649017 22.6691610813141 16.7486181259155
 85.2063059806824 9.86481499671936 252.520664930344 47.5999810695648 14.2625920772552 192.379373073578 63.9289309978485 109.917089939117 59.7218770980835 140.786957979202 29.5713739395142 29.3034329414368 92.7960319519043 14.1755239963531 84.2127718925476 82.4468319416046 35.1924889087677 111.646435022354 16.6239578723907 71.7060320377350
 51.7528219223022 58.0949020385742 43.7294909954071 26.3047969341278 46.5175960063934 45.7042250633240 17.9096229076385 23.8676199913025 74.3615448474884 61.6503970623016 35.4566419124603 125.131150007248 24.8830711841583 80.6241681575775 82.4439189434052 122.792760133743 56.4290080070496 149.116855859756 20.2266478538513 135.563004970551
 43.8751258850098 193.403155088425 91.3044190406799 19.0504901409149 77.0025031566620 56.4213109016418 45.7976818084717 21.6075558662415 88.4588611125946 72.7524731159210 111.720002174377 208.831099987030 259.164757013321 40.5513851642609 34.5902650356293 295.730049848557 105.492027997971 100.148127079010 91.4377241134644 282.445917844772
# name: experiments
# type: string
# elements: 9
# length: 10
L1-CR1-RR1
# length: 10
L2-CR1-RR1
# length: 10
L2-CR1-RR2
# length: 10
L2-CR2-RR1
# length: 10
L4-CR1-RR1
# length: 10
L4-CR1-RR2
# length: 10
L4-CR2-RR1
# length: 10
L4-CR1-RR4
# length: 10
L4-CR4-RR1
# name: evaluations
# type: matrix
# rows: 9
# columns: 20
 10514.3125000000 12923.6875000000 12423.9375000000 11601.8125000000 4208.56250000000 47007.2500000000 16088.1250000000 15647.3750000000 8451.56250000000 47911.4375000000 4739.25000000000 6185.62500000000 32455.9375000000 39729.2500000000 37341.8750000000 30658.1875000000 11789.3125000000 10288.7500000000 14808.2500000000 32118.6875000000
 82061.5625000000 20568.9375000000 2796.75000000000 12936.9375000000 25254 43932.0625000000 34744.1875000000 26436.7500000000 27453.4375000000 27557.6250000000 28043.1250000000 18062.3125000000 14315.3125000000 36805.8750000000 32228.3750000000 25955.4375000000 15536.0625000000 43151.7500000000 33387.6250000000 36854.1250000000
 5709.37500000000 13556.4375000000 19149.6875000000 8303.81250000000 38977.2500000000 19791.1875000000 13094 18538.0625000000 27862.8125000000 9781.68750000000 52712.7500000000 21069.2500000000 17596.2500000000 12050 24964.6875000000 8070.31250000000 18878.3750000000 15302.7500000000 27114.2500000000 15490.8750000000
 30097.5625000000 23757 39975.3125000000 1787.25000000000 31800.8125000000 19324.2500000000 15440.1250000000 14627.3750000000 24144 4847.37500000000 21293.9375000000 28953.3750000000 19370.3125000000 21510.1875000000 42433.8125000000 13885.6250000000 16710.1875000000 28058.3750000000 42889.1250000000 8707.37500000000
 21962.3125000000 35409.5000000000 43157.3750000000 46879.1875000000 58437.9375000000 30618.5000000000 22676.7500000000 6364.50000000000 14111.6250000000 32440.6875000000 15002.2500000000 17289.6875000000 16576.3125000000 9538.12500000000 13451.9375000000 9547.68750000000 12743.6875000000 54223.2500000000 18722.0625000000 42274.3750000000
 20116.5000000000 10985.6875000000 16846.6875000000 17967.2500000000 52245.1250000000 37369.6875000000 15897 14626.0625000000 26699.6250000000 25860.8750000000 16955 15539.6250000000 46201.3125000000 18851.2500000000 13101.9375000000 25143.5625000000 22932.5625000000 25527.6250000000 14366.8750000000 8417.56250000000
 33233.9375000000 6405.68750000000 58767 26366.0625000000 5553.56250000000 61514.1875000000 25205.9375000000 37531.6250000000 25099.7500000000 54468.1875000000 15166 12444.5625000000 42270.9375000000 6551 31131.2500000000 38148.8125000000 21020.2500000000 35423.5000000000 10887.6875000000 32160.5000000000
 24449.0625000000 28410.5000000000 17380.6875000000 17641.2500000000 15237 20804.8125000000 11150.3750000000 12794.1250000000 28914.4375000000 24587.8750000000 23275.1250000000 38908.8750000000 13918.8125000000 37189 31109.6250000000 44401.6250000000 27175.9375000000 76869.6250000000 12915.6250000000 53867.5000000000
 14564.5000000000 49475.6250000000 28575.2500000000 8902.37500000000 26454.5000000000 17429.3125000000 17879.6250000000 9698.87500000000 26989.4375000000 20937.1875000000 23492.8750000000 51771.1875000000 59693.3750000000 20245.2500000000 14680.8750000000 75450.3750000000 32383.8750000000 27598.3125000000 24489.9375000000 59221.4375000000
# name: fitnesses
# type: matrix
# rows: 9
# columns: 20
 64 64 64 64 64 64 64 64 64 64 64 64 64 64 64 64 64 64 64 64
 64 64 64 64 64 64 64 64 64 64 64 64 64 64 64 64 64 64 64 64
 64 64 64 64 64 64 64 64 64 64 64 64 64 64 64 64 64 64 64 64
 64 64 64 64 64 64 64 64 64 64 64 64 64 64 64 64 64 64 64 64
 64 64 64 64 64 64 64 64 64 64 64 64 64 64 64 64 64 64 64 64
 64 64 64 64 64 64 64 64 64 64 64 64 64 64 64 64 64 64 64 64
 64 64 64 64 64 64 64 64 64 64 64 64 64 64 64 64 64 64 64 64
 64 64 64 64 64 64 64 64 64 64 64 64 64 64 64 64 64 64 64 64
 64 64 64 64 64 64 64 64 64 64 64 64 64 64 64 64 64 64 64 64
