# name: evaluations
# type: matrix
# rows: 7
# columns: 20
 23662 238143 208556 272775 260947 41126 323965 394431 391666 37333 379404 69178 15623 201852 434296 406084 137102 44824 361259 282681
 270678 259859 237597 170918 109801 188848 159808 250068 242425 22607 140519 189122 241144 153566 169177 303424 231545 234514 111432 140310
 146213 261424 159140 80224 71421 204681 174547 98286 79110 110918 79585 309325 5211 109239 135068 208280 107348 202660 263036 96567
 86386 9599 66750 38650 120265 166820 94066 73294 129285 55562 131531 71584 251871 74801 106134 132455 166619 129085 268548 11098
 76415 43401 158016 127129 146723 167437 65082 85187 87451 156512 32831 91739 60576 235618 129466 37153 68763 91448 178807 66792
 72269 51585 47814 136856 36296 39125 198870 105838 135229 71475 44136 53487 27179 116667 37704 43707 94241 79346 20238 36770
 265593 179078 14150 75257 123025 124602 271839 193403 222240 5437 316955 187134 141340 96881 155729 261202 383540 172547 322236 157543
