# Created by manolo on 2013.06.18_22.41.47 <manolo@pinwino2>
# name: runtime
# type: matrix
# rows: 7
# columns: 20
 2.19422698020935 60.4287149906158 59.9993097782135 60.0964698791504 60.2454330921173 8.19167494773865 60.1043059825897 60.6164469718933 60.2455000877380 3.41467905044556 60.1683828830719 5.69631505012512 0.737044095993042 60.3607649803162 60.7107009887695 60.0902440547943 14.2685010433197 7.48459506034851 60.1134979724884 59.9946620464325
 60.2999811172485 60.6915819644928 60.0801279544830 60.2636909484863 59.8424689769745 60.1013309955597 60.2012979984283 60.1455168724060 59.9483020305634 4.87717294692993 60.1688249111176 60.0647039413452 60.7878229618073 60.0698781013489 60.5975189208984 59.7778491973877 59.7696959972382 59.9103889465332 60.0925331115723 60.1003420352936
 60.4514029026031 60.1858909130096 60.4764120578766 59.4164381027222 60.6618280410767 60.1595089435577 60.0404260158539 60.0640919208527 60.2835829257965 60.1721510887146 60.0445067882538 60.1252210140228 0.743705987930298 60.2867739200592 60.8622660636902 61.2053339481354 59.7251260280609 59.7370281219482 60.0596790313721 60.2882571220398
 60.3192229270935 2.97527194023132 60.0013961791992 59.8755218982697 60.2535409927368 59.7809941768646 60.2302451133728 59.9519731998444 60.2312250137329 60.3159439563751 60.1181359291077 60.0738449096680 59.9440019130707 59.6411490440369 60.0825669765472 60.0137100219727 59.7123098373413 60.1398839950562 60.9100139141083 3.89992308616638
 60.1338579654694 60.3185729980469 60.1472008228302 60.9327170848846 59.0214319229126 59.9821910858154 60.2213628292084 60.1202461719513 60.0988290309906 60.8584110736847 60.0737252235413 60.1759750843048 60.5711181163788 59.8784070014954 59.7180981636047 60.1395280361176 60.0565249919891 59.4760980606079 59.4493889808655 60.1704318523407
 59.9883770942688 60.1460750102997 60.5815839767456 60.6827378273010 60.3819489479065 60.4149320125580 60.0822660923004 60.3248019218445 60.1435890197754 61.2351491451263 60.2157158851624 60.5021789073944 60.7788579463959 60.2183859348297 61.5448460578918 60.2246689796448 59.5547580718994 60.2897601127625 60.0388228893280 60.1381878852844
 60.7251579761505 59.7776930332184 6.54548287391663 60.0863029956818 59.8446609973907 60.5420229434967 59.8892898559570 60.1187820434570 60.0142221450806 3.81253409385681 60.1962041854858 60.1842601299286 60.1312270164490 60.1319770812988 60.1548609733582 59.8913309574127 60.2098009586334 60.1660790443420 60.1431369781494 60.1160068511963
