# Created by manolo on 2013.05.31_21.30.49 <manolo@pinwino2>
# name: runtime
# type: matrix
# rows: 7
# columns: 20
 21.2352411746979 6.61976718902588 6.74373197555542 15.2259521484375 10.0237858295441 4.25907278060913 12.2476208209991 15.2818341255188 7.75821805000305 7.80935406684875 6.70528912544250 2.58955192565918 2.58797407150269 8.59216690063477 11.9330179691315 10.2112879753113 9.02140808105469 10.6907401084900 14.2668759822845 16.3317139148712
 20.3051259517670 33.2528970241547 10.2874591350555 9.78448820114136 6.11216497421265 6.30267906188965 8.48844099044800 12.0293698310852 20.8707950115204 7.91256999969482 14.2999489307404 9.74082589149475 17.2253940105438 12.3250620365143 10.7253899574280 12.3810200691223 12.7218611240387 8.85093998908997 19.0930309295654 5.32717704772949
 7.06314086914062 10.5175309181213 12.8864579200745 10.9214298725128 7.35998010635376 7.40434098243713 11.3854720592499 17.6401569843292 7.39751386642456 3.84707403182983 11.4219098091125 12.6869730949402 10.5056390762329 18.5144050121307 2.88449716567993 15.4670870304108 8.56053304672241 8.13154411315918 12.4788389205933 9.33873295783997
 17.9687910079956 17.8034648895264 15.5853741168976 24.3311009407043 18.4786849021912 18.6902101039886 12.7865002155304 8.21604990959167 15.7434279918671 16.0416460037231 15.4670338630676 13.4167060852051 27.9154980182648 23.9450030326843 3.96188211441040 3.61443591117859 54.6037929058075 17.1616849899292 15.1572480201721 12.0989429950714
 17.3125870227814 8.85985898971558 16.3464591503143 4.97422790527344 4.45247292518616 13.1386590003967 11.3659639358521 15.4711108207703 15.1500530242920 7.55480599403381 9.44206285476685 12.4267818927765 9.88943910598755 15.8391900062561 8.92042899131775 11.3462481498718 9.96336698532104 21.0141189098358 16.7109978199005 20.4876239299774
 12.5438978672028 8.17659592628479 18.9423351287842 14.5495240688324 20.2098670005798 7.72554898262024 18.7640900611877 15.2897958755493 12.7331380844116 10.7915489673615 23.5783660411835 5.45985102653503 10.2519638538361 17.7707049846649 13.0755908489227 16.8582599163055 12.7748219966888 10.8897399902344 16.5516669750214 14.5617270469666
 8.63049197196960 10.0664680004120 11.8331270217896 12.5531330108643 8.78491711616516 6.90402388572693 11.5764300823212 5.72644901275635 7.92545318603516 2.20625400543213 12.4358549118042 13.6353628635406 7.03603887557983 10.5104119777679 5.18319797515869 8.33884692192078 16.9617719650269 7.50382804870605 13.8362178802490 5.57732582092285
