# name: evaluations
# type: matrix
# rows: 7
# columns: 20
 10830.6875000000 3634.93750000000 3722.31250000000 6980.93750000000 5986.68750000000 1945.12500000000 7832.93750000000 8964.62500000000 4724.56250000000 4147.50000000000 4000.68750000000 1102.43750000000 1069 4737.12500000000 7160.31250000000 5335.56250000000 5183.25000000000 5488.56250000000 8682.56250000000 8358.18750000000
 11210.8750000000 14791.3750000000 5496.93750000000 4778.56250000000 2742.25000000000 4102.12500000000 4335 6075.12500000000 10252.2500000000 3434.37500000000 6742.12500000000 4361.62500000000 9894.37500000000 6626.75000000000 5340.56250000000 6915.06250000000 6173.93750000000 5912.25000000000 10501.4375000000 2311.37500000000
 6630.37500000000 10180.9375000000 10425.3750000000 9286.68750000000 6348.56250000000 5437.43750000000 10721.1250000000 13353.1250000000 5311.43750000000 2994.87500000000 8300.37500000000 9275.50000000000 9224.56250000000 15613 2384.87500000000 12855.3750000000 8784.93750000000 7956.12500000000 10803.2500000000 7079.25000000000
 7919.68750000000 9160.68750000000 7424.81250000000 10927.1875000000 7294.56250000000 7539.93750000000 6749.87500000000 3227.87500000000 6673 8033.68750000000 7038.68750000000 6525.75000000000 12194.1250000000 9813.50000000000 1954.93750000000 1583.62500000000 23957.3750000000 7754.87500000000 6698.81250000000 5275.25000000000
 19419.7500000000 10049.4375000000 21233.1250000000 6426.31250000000 5434.31250000000 16063.1250000000 13450.2500000000 18219.3125000000 17447.5000000000 7995.50000000000 12077.5000000000 14699.3125000000 13718.1875000000 19095.2500000000 8753.37500000000 15248.1875000000 13802.3125000000 24070.8750000000 22299.2500000000 21872.3125000000
 7893.56250000000 3614.06250000000 8801.56250000000 8434.06250000000 8080.81250000000 3429.25000000000 7954.25000000000 7932.68750000000 7205.81250000000 5022 10863.7500000000 2508.93750000000 4735.31250000000 7714.25000000000 5533.43750000000 9471.93750000000 5521.12500000000 5304.43750000000 8332.93750000000 7070.12500000000
 7968.25000000000 10929.6875000000 13918.3125000000 12416.8750000000 8970.68750000000 8553.31250000000 13018 7831.75000000000 9011.18750000000 3607.81250000000 13910.7500000000 15957.3750000000 6912.12500000000 12888.3750000000 5173.93750000000 10906.5000000000 17444.8125000000 8615.87500000000 13494.9375000000 6447.87500000000
