# Created by manolo on 2013.05.31_21.30.49 <manolo@pinwino2>
# name: runtime
# type: matrix
# rows: 7
# columns: 20
 21.2352411746979 6.61976718902588 6.74373197555542 15.2259521484375 10.0237858295441 4.25907278060913 12.2476208209991 15.2818341255188 7.75821805000305 7.80935406684875 6.70528912544250 2.58955192565918 2.58797407150269 8.59216690063477 11.9330179691315 10.2112879753113 9.02140808105469 10.6907401084900 14.2668759822845 16.3317139148712
 20.3051259517670 33.2528970241547 10.2874591350555 9.78448820114136 6.11216497421265 6.30267906188965 8.48844099044800 12.0293698310852 20.8707950115204 7.91256999969482 14.2999489307404 9.74082589149475 17.2253940105438 12.3250620365143 10.7253899574280 12.3810200691223 12.7218611240387 8.85093998908997 19.0930309295654 5.32717704772949
 7.06314086914062 10.5175309181213 12.8864579200745 10.9214298725128 7.35998010635376 7.40434098243713 11.3854720592499 17.6401569843292 7.39751386642456 3.84707403182983 11.4219098091125 12.6869730949402 10.5056390762329 18.5144050121307 2.88449716567993 15.4670870304108 8.56053304672241 8.13154411315918 12.4788389205933 9.33873295783997
 17.9687910079956 17.8034648895264 15.5853741168976 24.3311009407043 18.4786849021912 18.6902101039886 12.7865002155304 8.21604990959167 15.7434279918671 16.0416460037231 15.4670338630676 13.4167060852051 27.9154980182648 23.9450030326843 3.96188211441040 3.61443591117859 54.6037929058075 17.1616849899292 15.1572480201721 12.0989429950714
 17.3125870227814 8.85985898971558 16.3464591503143 4.97422790527344 4.45247292518616 13.1386590003967 11.3659639358521 15.4711108207703 15.1500530242920 7.55480599403381 9.44206285476685 12.4267818927765 9.88943910598755 15.8391900062561 8.92042899131775 11.3462481498718 9.96336698532104 21.0141189098358 16.7109978199005 20.4876239299774
 12.5438978672028 8.17659592628479 18.9423351287842 14.5495240688324 20.2098670005798 7.72554898262024 18.7640900611877 15.2897958755493 12.7331380844116 10.7915489673615 23.5783660411835 5.45985102653503 10.2519638538361 17.7707049846649 13.0755908489227 16.8582599163055 12.7748219966888 10.8897399902344 16.5516669750214 14.5617270469666
 8.63049197196960 10.0664680004120 11.8331270217896 12.5531330108643 8.78491711616516 6.90402388572693 11.5764300823212 5.72644901275635 7.92545318603516 2.20625400543213 12.4358549118042 13.6353628635406 7.03603887557983 10.5104119777679 5.18319797515869 8.33884692192078 16.9617719650269 7.50382804870605 13.8362178802490 5.57732582092285
# name: experiments
# type: string
# elements: 7
# length: 7
CL1-CR1
# length: 7
CL1-CR2
# length: 7
CL2-CR1
# length: 7
CL1-CR4
# length: 7
CL4-CR1
# length: 7
CL1-CR3
# length: 7
CL3-CR1
# name: evaluations
# type: matrix
# rows: 7
# columns: 20
 10830.6875000000 3634.93750000000 3722.31250000000 6980.93750000000 5986.68750000000 1945.12500000000 7832.93750000000 8964.62500000000 4724.56250000000 4147.50000000000 4000.68750000000 1102.43750000000 1069 4737.12500000000 7160.31250000000 5335.56250000000 5183.25000000000 5488.56250000000 8682.56250000000 8358.18750000000
 11210.8750000000 14791.3750000000 5496.93750000000 4778.56250000000 2742.25000000000 4102.12500000000 4335 6075.12500000000 10252.2500000000 3434.37500000000 6742.12500000000 4361.62500000000 9894.37500000000 6626.75000000000 5340.56250000000 6915.06250000000 6173.93750000000 5912.25000000000 10501.4375000000 2311.37500000000
 6630.37500000000 10180.9375000000 10425.3750000000 9286.68750000000 6348.56250000000 5437.43750000000 10721.1250000000 13353.1250000000 5311.43750000000 2994.87500000000 8300.37500000000 9275.50000000000 9224.56250000000 15613 2384.87500000000 12855.3750000000 8784.93750000000 7956.12500000000 10803.2500000000 7079.25000000000
 7919.68750000000 9160.68750000000 7424.81250000000 10927.1875000000 7294.56250000000 7539.93750000000 6749.87500000000 3227.87500000000 6673 8033.68750000000 7038.68750000000 6525.75000000000 12194.1250000000 9813.50000000000 1954.93750000000 1583.62500000000 23957.3750000000 7754.87500000000 6698.81250000000 5275.25000000000
 19419.7500000000 10049.4375000000 21233.1250000000 6426.31250000000 5434.31250000000 16063.1250000000 13450.2500000000 18219.3125000000 17447.5000000000 7995.50000000000 12077.5000000000 14699.3125000000 13718.1875000000 19095.2500000000 8753.37500000000 15248.1875000000 13802.3125000000 24070.8750000000 22299.2500000000 21872.3125000000
 7893.56250000000 3614.06250000000 8801.56250000000 8434.06250000000 8080.81250000000 3429.25000000000 7954.25000000000 7932.68750000000 7205.81250000000 5022 10863.7500000000 2508.93750000000 4735.31250000000 7714.25000000000 5533.43750000000 9471.93750000000 5521.12500000000 5304.43750000000 8332.93750000000 7070.12500000000
 7968.25000000000 10929.6875000000 13918.3125000000 12416.8750000000 8970.68750000000 8553.31250000000 13018 7831.75000000000 9011.18750000000 3607.81250000000 13910.7500000000 15957.3750000000 6912.12500000000 12888.3750000000 5173.93750000000 10906.5000000000 17444.8125000000 8615.87500000000 13494.9375000000 6447.87500000000
9.52259695529940 11.3773798942566 10.5115849971771 15.8925369977951 11.8963729143143 13.8125574588775 8.70770454406738 
