# Created by manolo on 2013.06.10_04.29.15 <manolo@pinwino2>
# name: runtime
# type: matrix
# rows: 9
# columns: 20
 160.951658964157 106.073433876038 78.0149540901184 196.491729021072 22.2494649887085 63.4775331020355 44.2550420761108 377.243083000183 153.225592136383 93.2995319366455 66.9876968860626 36.0717439651489 447.697422027588 119.347661972046 180.338876008987 113.420137166977 100.002357006073 89.0889101028442 62.1853508949280 267.694516181946
 38.3587329387665 21.5663590431213 74.7392940521240 66.3387141227722 71.3651270866394 362.833662033081 116.175271987915 29.4213769435883 145.863170146942 35.9247360229492 54.0569219589233 52.7952539920807 35.5526509284973 19.0367419719696 76.4907679557800 38.5930831432343 61.1065769195557 100.810482025146 48.1769239902496 52.8113698959351
 129.706382989883 9.46621513366699 76.1906869411469 145.696178913116 28.3449308872223 10.2118089199066 84.3001198768616 153.375286817551 29.6007421016693 7.55435085296631 171.506441116333 67.4454779624939 87.2221210002899 115.418919086456 83.0582711696625 109.872157096863 46.4261188507080 75.2422661781311 64.8037159442902 106.732100009918
 163.549315929413 179.493876934052 303.996826887131 93.3160250186920 614.888746976852 199.820300817490 9.29190587997437 40.8087198734283 146.421433925629 91.9893951416016 42.0896329879761 125.842301130295 50.4761910438538 205.382836818695 116.828842163086 108.994456052780 92.5399370193481 133.448369026184 26.2165310382843 120.642221927643
 85.2050859928131 38.0691258907318 53.3269870281219 63.2986581325531 53.9638931751251 57.4837021827698 10.9549300670624 48.7133600711823 75.5273580551147 85.7399969100952 64.0436408519745 5.26146388053894 72.1066319942474 20.7089400291443 47.0617389678955 26.8707399368286 174.521412134171 72.2984240055084 45.9715662002563 92.3461639881134
 34.9437448978424 205.960134029388 64.5093719959259 52.0422980785370 146.866334915161 125.977828979492 102.944840908051 22.0874190330505 74.1034321784973 73.1127669811249 55.2083559036255 125.934124946594 22.1625020503998 9.66284084320068 88.5235641002655 66.1050839424133 8.80899000167847 104.592363834381 131.810378074646 41.8469450473785
 181.997403860092 118.118213891983 159.563156127930 128.797638893127 100.238780021667 70.9965708255768 79.8272531032562 41.2176110744476 39.8481590747833 89.0444190502167 56.9525740146637 21.8419508934021 94.5983879566193 62.3359920978546 64.5233800411224 41.4827098846436 36.6337759494781 44.7435600757599 58.2597529888153 53.1767578125000
 39.4778959751129 184.584837913513 58.6342771053314 44.3161079883575 152.811711072922 192.189338922501 17.7115130424500 82.8024380207062 103.550557851791 83.9941480159760 48.3990669250488 103.104537963867 93.0938220024109 89.3335380554199 197.953652858734 148.809473991394 103.811725854874 60.8982059955597 14.8023238182068 28.9996118545532
 335.923854827881 45.9694068431854 197.112176895142 374.997052907944 182.674970865250 59.1230719089508 60.9681150913239 49.5870180130005 212.890372991562 57.0685360431671 252.856194972992 206.056272983551 83.7265918254852 38.3058371543884 129.404103994370 100.524267911911 153.791771173477 419.857770919800 69.9482719898224 101.887744903564
