# name: evaluations
# type: matrix
# rows: 9
# columns: 20
 30437.6250000000 18177.8750000000 14898.1875000000 36558.4375000000 10818.1875000000 13153.3125000000 13473.4375000000 46977.1875000000 17937.8125000000 14747.3750000000 15659.8750000000 7440.31250000000 57748 17624.1250000000 28000.2500000000 17581.6875000000 28215.3750000000 13621.3750000000 16187.3750000000 42264.3750000000
 12590.1875000000 7419.81250000000 31700.8750000000 17187.4375000000 18966.2500000000 66492.3125000000 22282.1875000000 8650.93750000000 33353.8125000000 12071.3750000000 19024.9375000000 17765.1250000000 11900.7500000000 7408.81250000000 21367.6250000000 11895.4375000000 13996.6250000000 21216.2500000000 12953.4375000000 15845.5625000000
 23295.3125000000 4844.31250000000 21544 40384.7500000000 9110.75000000000 4601.12500000000 28550.3750000000 32276.6250000000 8825.62500000000 5205.81250000000 33207.5000000000 15986.3125000000 26488.3750000000 34722.6250000000 22954 24494.4375000000 15260.8750000000 19332.3125000000 17579.8125000000 24707.7500000000
 27197.8125000000 28242.3750000000 44081.7500000000 24380.7500000000 83155.1875000000 35856.1875000000 2548.25000000000 10746.2500000000 24680.3125000000 19907.3125000000 14658.5625000000 25093.2500000000 13590.9375000000 31970.4375000000 23254.3750000000 23400.5625000000 22023.5625000000 28161.4375000000 5457.75000000000 32265.6875000000
 30950.5000000000 21185.8125000000 26998.8125000000 26357.5000000000 23995.1250000000 21323.9375000000 6967.31250000000 24562.8750000000 30379.3750000000 28384.6250000000 28318.1250000000 5285.06250000000 25020.5000000000 14253.1250000000 24739.7500000000 20004.6875000000 54262.6250000000 37826.1250000000 24488.5625000000 36415.8750000000
 16334.7500000000 60199 25630.9375000000 22017.7500000000 52601.8750000000 31896.5000000000 38545.4375000000 14220.3750000000 30388.1875000000 29526.3125000000 22268.8125000000 46594.6250000000 10686.6875000000 10537.5625000000 26679.8125000000 20488.2500000000 6855.62500000000 36495.0625000000 43799.6875000000 15818.5000000000
 49823.5000000000 30703.6250000000 47576.6250000000 36541.6875000000 27041.3750000000 25829.6875000000 28821.5625000000 21314.6250000000 18372.6250000000 30878.5000000000 24937.6875000000 12120.3750000000 30965.4375000000 23409.5625000000 15559.4375000000 20160.0625000000 22285.4375000000 16521.8125000000 27391.2500000000 16651.5000000000
 18257 41086.1250000000 19258.5625000000 23876.5625000000 39331.8750000000 48455.5625000000 8642.75000000000 21999 27089.6875000000 26204.3125000000 21516.6250000000 33305.3750000000 28321.8125000000 32259 60071.8750000000 36953.7500000000 35157.1875000000 20084.3125000000 7289 12036.4375000000
 65315.3125000000 12922.3125000000 41989.8125000000 62094.9375000000 34840.3750000000 15085.2500000000 14968.1250000000 13609.3750000000 44418.1875000000 16416.9375000000 41668.8125000000 38569.8750000000 21147.0625000000 14096.7500000000 31209.7500000000 24529.3125000000 31483.8125000000 73170.5625000000 20104.6875000000 31881.6875000000
