# Created by manolo on 2013.06.10_04.29.15 <manolo@pinwino2>
# name: runtime
# type: matrix
# rows: 9
# columns: 20
 160.951658964157 106.073433876038 78.0149540901184 196.491729021072 22.2494649887085 63.4775331020355 44.2550420761108 377.243083000183 153.225592136383 93.2995319366455 66.9876968860626 36.0717439651489 447.697422027588 119.347661972046 180.338876008987 113.420137166977 100.002357006073 89.0889101028442 62.1853508949280 267.694516181946
 38.3587329387665 21.5663590431213 74.7392940521240 66.3387141227722 71.3651270866394 362.833662033081 116.175271987915 29.4213769435883 145.863170146942 35.9247360229492 54.0569219589233 52.7952539920807 35.5526509284973 19.0367419719696 76.4907679557800 38.5930831432343 61.1065769195557 100.810482025146 48.1769239902496 52.8113698959351
 129.706382989883 9.46621513366699 76.1906869411469 145.696178913116 28.3449308872223 10.2118089199066 84.3001198768616 153.375286817551 29.6007421016693 7.55435085296631 171.506441116333 67.4454779624939 87.2221210002899 115.418919086456 83.0582711696625 109.872157096863 46.4261188507080 75.2422661781311 64.8037159442902 106.732100009918
 163.549315929413 179.493876934052 303.996826887131 93.3160250186920 614.888746976852 199.820300817490 9.29190587997437 40.8087198734283 146.421433925629 91.9893951416016 42.0896329879761 125.842301130295 50.4761910438538 205.382836818695 116.828842163086 108.994456052780 92.5399370193481 133.448369026184 26.2165310382843 120.642221927643
 85.2050859928131 38.0691258907318 53.3269870281219 63.2986581325531 53.9638931751251 57.4837021827698 10.9549300670624 48.7133600711823 75.5273580551147 85.7399969100952 64.0436408519745 5.26146388053894 72.1066319942474 20.7089400291443 47.0617389678955 26.8707399368286 174.521412134171 72.2984240055084 45.9715662002563 92.3461639881134
 34.9437448978424 205.960134029388 64.5093719959259 52.0422980785370 146.866334915161 125.977828979492 102.944840908051 22.0874190330505 74.1034321784973 73.1127669811249 55.2083559036255 125.934124946594 22.1625020503998 9.66284084320068 88.5235641002655 66.1050839424133 8.80899000167847 104.592363834381 131.810378074646 41.8469450473785
 181.997403860092 118.118213891983 159.563156127930 128.797638893127 100.238780021667 70.9965708255768 79.8272531032562 41.2176110744476 39.8481590747833 89.0444190502167 56.9525740146637 21.8419508934021 94.5983879566193 62.3359920978546 64.5233800411224 41.4827098846436 36.6337759494781 44.7435600757599 58.2597529888153 53.1767578125000
 39.4778959751129 184.584837913513 58.6342771053314 44.3161079883575 152.811711072922 192.189338922501 17.7115130424500 82.8024380207062 103.550557851791 83.9941480159760 48.3990669250488 103.104537963867 93.0938220024109 89.3335380554199 197.953652858734 148.809473991394 103.811725854874 60.8982059955597 14.8023238182068 28.9996118545532
 335.923854827881 45.9694068431854 197.112176895142 374.997052907944 182.674970865250 59.1230719089508 60.9681150913239 49.5870180130005 212.890372991562 57.0685360431671 252.856194972992 206.056272983551 83.7265918254852 38.3058371543884 129.404103994370 100.524267911911 153.791771173477 419.857770919800 69.9482719898224 101.887744903564
# name: experiments
# type: string
# elements: 9
# length: 10
L1-CR1-RR1
# length: 10
L2-CR1-RR1
# length: 10
L2-CR1-RR2
# length: 10
L2-CR2-RR1
# length: 10
L4-CR1-RR1
# length: 10
L4-CR1-RR2
# length: 10
L4-CR2-RR1
# length: 10
L4-CR1-RR4
# length: 10
L4-CR4-RR1
# name: evaluations
# type: matrix
# rows: 9
# columns: 20
 30437.6250000000 18177.8750000000 14898.1875000000 36558.4375000000 10818.1875000000 13153.3125000000 13473.4375000000 46977.1875000000 17937.8125000000 14747.3750000000 15659.8750000000 7440.31250000000 57748 17624.1250000000 28000.2500000000 17581.6875000000 28215.3750000000 13621.3750000000 16187.3750000000 42264.3750000000
 12590.1875000000 7419.81250000000 31700.8750000000 17187.4375000000 18966.2500000000 66492.3125000000 22282.1875000000 8650.93750000000 33353.8125000000 12071.3750000000 19024.9375000000 17765.1250000000 11900.7500000000 7408.81250000000 21367.6250000000 11895.4375000000 13996.6250000000 21216.2500000000 12953.4375000000 15845.5625000000
 23295.3125000000 4844.31250000000 21544 40384.7500000000 9110.75000000000 4601.12500000000 28550.3750000000 32276.6250000000 8825.62500000000 5205.81250000000 33207.5000000000 15986.3125000000 26488.3750000000 34722.6250000000 22954 24494.4375000000 15260.8750000000 19332.3125000000 17579.8125000000 24707.7500000000
 27197.8125000000 28242.3750000000 44081.7500000000 24380.7500000000 83155.1875000000 35856.1875000000 2548.25000000000 10746.2500000000 24680.3125000000 19907.3125000000 14658.5625000000 25093.2500000000 13590.9375000000 31970.4375000000 23254.3750000000 23400.5625000000 22023.5625000000 28161.4375000000 5457.75000000000 32265.6875000000
 30950.5000000000 21185.8125000000 26998.8125000000 26357.5000000000 23995.1250000000 21323.9375000000 6967.31250000000 24562.8750000000 30379.3750000000 28384.6250000000 28318.1250000000 5285.06250000000 25020.5000000000 14253.1250000000 24739.7500000000 20004.6875000000 54262.6250000000 37826.1250000000 24488.5625000000 36415.8750000000
 16334.7500000000 60199 25630.9375000000 22017.7500000000 52601.8750000000 31896.5000000000 38545.4375000000 14220.3750000000 30388.1875000000 29526.3125000000 22268.8125000000 46594.6250000000 10686.6875000000 10537.5625000000 26679.8125000000 20488.2500000000 6855.62500000000 36495.0625000000 43799.6875000000 15818.5000000000
 49823.5000000000 30703.6250000000 47576.6250000000 36541.6875000000 27041.3750000000 25829.6875000000 28821.5625000000 21314.6250000000 18372.6250000000 30878.5000000000 24937.6875000000 12120.3750000000 30965.4375000000 23409.5625000000 15559.4375000000 20160.0625000000 22285.4375000000 16521.8125000000 27391.2500000000 16651.5000000000
 18257 41086.1250000000 19258.5625000000 23876.5625000000 39331.8750000000 48455.5625000000 8642.75000000000 21999 27089.6875000000 26204.3125000000 21516.6250000000 33305.3750000000 28321.8125000000 32259 60071.8750000000 36953.7500000000 35157.1875000000 20084.3125000000 7289 12036.4375000000
 65315.3125000000 12922.3125000000 41989.8125000000 62094.9375000000 34840.3750000000 15085.2500000000 14968.1250000000 13609.3750000000 44418.1875000000 16416.9375000000 41668.8125000000 38569.8750000000 21147.0625000000 14096.7500000000 31209.7500000000 24529.3125000000 31483.8125000000 73170.5625000000 20104.6875000000 31881.6875000000
# name: fitnesses
# type: matrix
# rows: 9
# columns: 20
 64 64 64 64 64 64 64 64 64 64 64 64 64 64 64 64 64 64 64 64
 64 64 64 64 64 64 64 64 64 64 64 64 64 64 64 64 64 64 64 64
 64 64 64 64 64 64 64 64 64 64 64 64 64 64 64 64 64 64 64 64
 64 64 64 64 64 64 64 64 64 64 64 64 64 64 64 64 64 64 64 64
 64 64 64 64 64 64 64 64 64 64 64 64 64 64 64 64 64 64 64 64
 64 64 64 64 64 64 64 64 64 64 64 64 64 64 64 64 64 64 64 64
 64 64 64 64 64 64 64 64 64 64 64 64 64 64 64 64 64 64 64 64
 64 64 64 64 64 64 64 64 64 64 64 64 64 64 64 64 64 64 64 64
 64 64 64 64 64 64 64 64 64 64 64 64 64 64 64 64 64 64 64 64
