# name: evaluations
# type: matrix
# rows: 6
# columns: 20
 47930.7333333334 46261.7000000001 39682.5666666665 56722.2666666669 41370.5666666666 47217.3333333334 47467.3666666667 57106.5666666666 43842.6666666667 51982.7333333333 48887.5333333334 39777.8333333333 49030.4333333335 50243.4000000001 37759.8999999999 39037.6000000000 43846.7333333333 31432.7666666666 41513.9999999999 39014.8000000001
 54554.9000000001 42583.5333333333 39651.3333333333 35698.7000000000 40860.5333333334 45442.8666666667 33503.6333333333 46506.4333333334 52008.1666666668 43998.9333333333 44117.5000000001 42257.4333333334 36883.5000000001 38855.1000000000 42818.9666666666 46787.1333333334 35871.2333333334 41606.7666666667 39594.5000000001 54701.3000000001
 47657.4666666667 43875.1000000001 55682.0333333334 59891.7333333335 37475.8333333334 57576.0333333333 43495.7333333333 47299.6000000000 54930.3333333334 49226.0000000001 48414.7333333335 44075.2666666666 40860.0333333333 43015.2000000000 43356.4999999999 51757.8000000003 57220.7666666667 59711.6666666667 47628.2666666666 42868.5999999999
 47477.8000000000 35281.6000000000 42004.0666666667 34574.3666666667 52881.1666666667 40004.7666666667 48494.5666666667 48951.0666666666 53945.2333333334 42931.1666666667 38236.9666666667 62206.7333333333 44434.9666666667 41617.6333333333 52628.5333333333 46766.9333333334 46229.7000000000 31427.6000000000 47191.1999999999 47253.1333333334
 42196.8333333334 63000.1999999999 54517.1666666667 36953.7666666666 65890.3333333333 54356.2666666666 48247.9000000001 59987.4666666667 42838.2333333333 45827.1999999999 63921.2666666666 50343.2000000001 57299.1000000002 38700.2666666667 58026.2333333332 49938.1000000000 49570.2333333333 65270.6000000002 63095.4999999999 53795.1999999999
 55071.9666666667 77183.1666666667 71569.3666666668 43298.0333333333 47641.1666666666 44968.5666666666 45795.3666666667 58764.3666666667 44409.0333333334 56159.2999999999 58555.6000000000 47119.4333333333 40820.2333333333 40115.5333333334 46238.6000000000 50628.4333333334 37952.2333333334 38417.0000000000 51573.1333333333 71162.2333333334
