# Created by manolo on 2013.06.21_04.26.07 <manolo@pinwino2>
# name: runtime
# type: matrix
# rows: 6
# columns: 20
 120.349343776703 120.441613912582 120.266143083572 120.129180192947 120.167217016220 120.118494987488 120.270595073700 120.191049814224 120.152653932571 119.418042898178 120.190557956696 120.169082880020 120.296294927597 119.971274137497 120.117233991623 120.098021984100 120.313235044479 120.516371965408 120.206543922424 120.131962060928
 120.066943168640 120.544337034225 119.967710018158 120.216219902039 119.807486057281 120.203305006027 119.859686136246 120.183109998703 116.217898130417 120.168398141861 120.197661161423 120.175632953644 112.166883945465 120.053570985794 120.444370985031 119.758273839951 120.114224910736 120.177944898605 120.221151113510 120.228364944458
 120.299918174744 120.030939102173 120.901750802994 120.038461923599 120.087743997574 120.032286167145 120.378932952881 120.139665126801 120.448348999023 120.254976034164 119.888155937195 120.080720901489 120.193404912949 121.002151012421 119.962430953979 120.157101869583 120.268707036972 120.709412813187 120.156921148300 120.093399047852
 120.142131090164 118.865114212036 120.253953933716 120.973407030106 120.151771068573 120.260470151901 120.108483791351 119.729617118835 120.395737171173 120.104325056076 120.174587965012 120.251435995102 120.225002050400 120.158564090729 119.984261989594 120.135332107544 120.106848955154 120.192797183990 119.845746994019 120.517734050751
 120.061802148819 120.159559965134 120.141868829727 120.240437984467 120.234060049057 120.251492977142 120.283296108246 119.907273054123 120.064232826233 120.068721055984 120.064296007156 111.651985883713 120.213757991791 120.456182956696 120.274771928787 120.397116184235 120.187335014343 120.200565099716 120.150265216827 120.309426069260
 116.947902917862 120.302341938019 119.939047813416 112.801082134247 98.2015109062195 120.019207954407 120.179832935333 120.096767187119 120.198292970657 113.760073900223 120.329910993576 120.114901781082 120.453959941864 120.257757902145 120.274871110916 120.123993158340 119.891138076782 81.5411641597748 120.477533817291 120.022511005402
