# name: fitnesses
# type: matrix
# rows: 6
# columns: 20
 27.4840320000000 27.8434560000000 27.8434560000000 27.4840320000000 26.7651840000000 29.2811520000000 25.4067200000000 28.5623040000000 28.5623040000000 28.2028800000000 28.5623040000000 27.8434560000000 26.4849920000000 28.2028800000000 27.2038400000000 26.8444160000000 27.1246080000000 25.3274880000000 27.9226880000000 28.2028800000000
 29.2811520000000 29.0009600000000 27.1246080000000 28.0019200000000 27.8434560000000 28.9217280000000 27.1246080000000 24.2492160000000 30 28.9217280000000 28.9217280000000 27.5623040000000 30 28.9217280000000 28.0019200000000 28.5623040000000 26.8444160000000 28.2028800000000 29.6405760000000 28.2028800000000
 28.2028800000000 27.8434560000000 27.4840320000000 27.8434560000000 28.5623040000000 28.2028800000000 27.1246080000000 29.6405760000000 28.2028800000000 28.5623040000000 28.2028800000000 24.6878720000000 28.2028800000000 29.6405760000000 26.7651840000000 28.9217280000000 28.5623040000000 27.9226880000000 27.9226880000000 29.2811520000000
 29.6405760000000 30 28.5623040000000 28.2028800000000 27.4840320000000 27.4840320000000 29.3603840000000 28.9217280000000 26.7651840000000 27.4840320000000 28.2028800000000 28.2028800000000 29.6405760000000 29.6405760000000 28.9217280000000 28.2028800000000 29.2811520000000 26.4057600000000 29.6405760000000 29.6405760000000
 27.8434560000000 27.1246080000000 29.2811520000000 28.9217280000000 27.4840320000000 28.5623040000000 29.2811520000000 26.2840320000000 26.4057600000000 28.9217280000000 28.2028800000000 30 27.9226880000000 28.6415360000000 29.6405760000000 27.9226880000000 28.2028800000000 29.2811520000000 29.2811520000000 28.5623040000000
 30 28.2028800000000 29.6405760000000 30 30 29.2811520000000 29.6405760000000 29.2811520000000 28.2028800000000 30 29.2811520000000 28.9217280000000 28.2028800000000 29.6405760000000 28.0019200000000 28.5623040000000 29.6405760000000 30 27.9226880000000 28.9217280000000
