# Created by manolo on 2013.06.21_04.26.07 <manolo@pinwino2>
# name: runtime
# type: matrix
# rows: 6
# columns: 20
 120.349343776703 120.441613912582 120.266143083572 120.129180192947 120.167217016220 120.118494987488 120.270595073700 120.191049814224 120.152653932571 119.418042898178 120.190557956696 120.169082880020 120.296294927597 119.971274137497 120.117233991623 120.098021984100 120.313235044479 120.516371965408 120.206543922424 120.131962060928
 120.066943168640 120.544337034225 119.967710018158 120.216219902039 119.807486057281 120.203305006027 119.859686136246 120.183109998703 116.217898130417 120.168398141861 120.197661161423 120.175632953644 112.166883945465 120.053570985794 120.444370985031 119.758273839951 120.114224910736 120.177944898605 120.221151113510 120.228364944458
 120.299918174744 120.030939102173 120.901750802994 120.038461923599 120.087743997574 120.032286167145 120.378932952881 120.139665126801 120.448348999023 120.254976034164 119.888155937195 120.080720901489 120.193404912949 121.002151012421 119.962430953979 120.157101869583 120.268707036972 120.709412813187 120.156921148300 120.093399047852
 120.142131090164 118.865114212036 120.253953933716 120.973407030106 120.151771068573 120.260470151901 120.108483791351 119.729617118835 120.395737171173 120.104325056076 120.174587965012 120.251435995102 120.225002050400 120.158564090729 119.984261989594 120.135332107544 120.106848955154 120.192797183990 119.845746994019 120.517734050751
 120.061802148819 120.159559965134 120.141868829727 120.240437984467 120.234060049057 120.251492977142 120.283296108246 119.907273054123 120.064232826233 120.068721055984 120.064296007156 111.651985883713 120.213757991791 120.456182956696 120.274771928787 120.397116184235 120.187335014343 120.200565099716 120.150265216827 120.309426069260
 116.947902917862 120.302341938019 119.939047813416 112.801082134247 98.2015109062195 120.019207954407 120.179832935333 120.096767187119 120.198292970657 113.760073900223 120.329910993576 120.114901781082 120.453959941864 120.257757902145 120.274871110916 120.123993158340 119.891138076782 81.5411641597748 120.477533817291 120.022511005402
# name: experiments
# type: string
# elements: 6
# length: 29
ageing-0.1-mmdp-30-length-3-8
# length: 27
ageing-0.1-mmdp-30-length-5
# length: 29
ageing-0.5-mmdp-30-length-3-8
# length: 27
ageing-0.5-mmdp-30-length-5
# length: 29
ageing-0.9-mmdp-30-length-3-8
# length: 27
ageing-0.9-mmdp-30-length-5
# name: evaluations
# type: matrix
# rows: 6
# columns: 20
 47930.7333333334 46261.7000000001 39682.5666666665 56722.2666666669 41370.5666666666 47217.3333333334 47467.3666666667 57106.5666666666 43842.6666666667 51982.7333333333 48887.5333333334 39777.8333333333 49030.4333333335 50243.4000000001 37759.8999999999 39037.6000000000 43846.7333333333 31432.7666666666 41513.9999999999 39014.8000000001
 54554.9000000001 42583.5333333333 39651.3333333333 35698.7000000000 40860.5333333334 45442.8666666667 33503.6333333333 46506.4333333334 52008.1666666668 43998.9333333333 44117.5000000001 42257.4333333334 36883.5000000001 38855.1000000000 42818.9666666666 46787.1333333334 35871.2333333334 41606.7666666667 39594.5000000001 54701.3000000001
 47657.4666666667 43875.1000000001 55682.0333333334 59891.7333333335 37475.8333333334 57576.0333333333 43495.7333333333 47299.6000000000 54930.3333333334 49226.0000000001 48414.7333333335 44075.2666666666 40860.0333333333 43015.2000000000 43356.4999999999 51757.8000000003 57220.7666666667 59711.6666666667 47628.2666666666 42868.5999999999
 47477.8000000000 35281.6000000000 42004.0666666667 34574.3666666667 52881.1666666667 40004.7666666667 48494.5666666667 48951.0666666666 53945.2333333334 42931.1666666667 38236.9666666667 62206.7333333333 44434.9666666667 41617.6333333333 52628.5333333333 46766.9333333334 46229.7000000000 31427.6000000000 47191.1999999999 47253.1333333334
 42196.8333333334 63000.1999999999 54517.1666666667 36953.7666666666 65890.3333333333 54356.2666666666 48247.9000000001 59987.4666666667 42838.2333333333 45827.1999999999 63921.2666666666 50343.2000000001 57299.1000000002 38700.2666666667 58026.2333333332 49938.1000000000 49570.2333333333 65270.6000000002 63095.4999999999 53795.1999999999
 55071.9666666667 77183.1666666667 71569.3666666668 43298.0333333333 47641.1666666666 44968.5666666666 45795.3666666667 58764.3666666667 44409.0333333334 56159.2999999999 58555.6000000000 47119.4333333333 40820.2333333333 40115.5333333334 46238.6000000000 50628.4333333334 37952.2333333334 38417.0000000000 51573.1333333333 71162.2333333334
# name: fitnesses
# type: matrix
# rows: 6
# columns: 20
 27.4840320000000 27.8434560000000 27.8434560000000 27.4840320000000 26.7651840000000 29.2811520000000 25.4067200000000 28.5623040000000 28.5623040000000 28.2028800000000 28.5623040000000 27.8434560000000 26.4849920000000 28.2028800000000 27.2038400000000 26.8444160000000 27.1246080000000 25.3274880000000 27.9226880000000 28.2028800000000
 29.2811520000000 29.0009600000000 27.1246080000000 28.0019200000000 27.8434560000000 28.9217280000000 27.1246080000000 24.2492160000000 30 28.9217280000000 28.9217280000000 27.5623040000000 30 28.9217280000000 28.0019200000000 28.5623040000000 26.8444160000000 28.2028800000000 29.6405760000000 28.2028800000000
 28.2028800000000 27.8434560000000 27.4840320000000 27.8434560000000 28.5623040000000 28.2028800000000 27.1246080000000 29.6405760000000 28.2028800000000 28.5623040000000 28.2028800000000 24.6878720000000 28.2028800000000 29.6405760000000 26.7651840000000 28.9217280000000 28.5623040000000 27.9226880000000 27.9226880000000 29.2811520000000
 29.6405760000000 30 28.5623040000000 28.2028800000000 27.4840320000000 27.4840320000000 29.3603840000000 28.9217280000000 26.7651840000000 27.4840320000000 28.2028800000000 28.2028800000000 29.6405760000000 29.6405760000000 28.9217280000000 28.2028800000000 29.2811520000000 26.4057600000000 29.6405760000000 29.6405760000000
 27.8434560000000 27.1246080000000 29.2811520000000 28.9217280000000 27.4840320000000 28.5623040000000 29.2811520000000 26.2840320000000 26.4057600000000 28.9217280000000 28.2028800000000 30 27.9226880000000 28.6415360000000 29.6405760000000 27.9226880000000 28.2028800000000 29.2811520000000 29.2811520000000 28.5623040000000
 30 28.2028800000000 29.6405760000000 30 30 29.2811520000000 29.6405760000000 29.2811520000000 28.2028800000000 30 29.2811520000000 28.9217280000000 28.2028800000000 29.6405760000000 28.0019200000000 28.5623040000000 29.6405760000000 30 27.9226880000000 28.9217280000000
