# name: evaluations
# type: matrix
# rows: 9
# columns: 20
 21252 18708 17989.5000000000 15747.3000000000 31037.4000000000 17634.4000000000 9355.10000000001 14573.8000000000 15279.1000000000 18388.2000000000 25148.8000000000 32620.9999999999 26063.7000000000 20911.2000000000 12713.2000000000 19427.6000000001 13300.7000000000 10985.7000000000 7140.40000000000 18746.6000000000
 28871.3000000000 18648.0000000000 18398.5000000000 30071.9000000000 13798.5000000000 15482.1000000000 27445.4000000000 24411.5000000000 18311.8000000000 28286.3000000000 12608.7000000000 31284.7000000000 44066.6000000000 27336.1000000000 13940.7000000000 20661.1000000000 32917.5000000001 28949.1000000000 21758.6000000000 14488.4000000000
 12644.1000000000 17555.3000000000 23289.2000000000 20895.5000000000 27028.6000000000 21973.7000000000 19730.0000000000 17265.1000000000 19335.9000000000 13454.7000000000 24089 19437.3000000000 14250.9000000000 31201.2000000000 32416.2000000000 12348.1000000000 13535.6000000000 17828.0000000000 9465.10000000000 21136.5000000000
 9514.20000000000 14050.4000000000 30217.5000000000 26479.2000000000 29986.6000000000 21332.6000000000 23933.5000000000 18325.5000000000 28929 26594 11268.7000000000 11593.4000000000 31205.9000000000 10106.1000000000 20480.4000000000 22779.2000000000 23318.2000000000 18455.7000000000 21380.8000000000 2706.10000000000
 20884.3000000000 20822.2000000000 25665.5000000000 23239.0000000000 18673.5000000000 33767.7000000000 18353.1000000000 13095.6000000000 18951.0000000000 17144.4000000000 19020.2000000000 19983.4000000000 22801.8000000000 15515.3000000000 43014.7000000000 3755.60000000000 24114.1000000000 23027 20009.4000000000 32088.5000000000
 44517.6000000000 26137.2000000000 19797.0000000000 29384.5000000000 17797.2000000000 25873.0000000000 29113.8000000000 15937.7000000000 23228.7000000000 28365.7000000000 19329.3000000000 31297.1000000000 4517.40000000000 21385.4000000000 27387.6000000000 30218.0000000000 9699.80000000000 12969.3000000000 10815.2000000000 21684.9000000000
 45934.2000000000 18064 26517.0000000000 31248.0000000000 26777.8000000000 19294.0000000000 47173.9000000000 31716.7000000000 1645.20000000000 8458.90000000000 18735.7000000000 47987.2000000000 23281.4000000000 37977.9000000000 14881.1000000000 39019.1000000000 28123.8000000000 20857.3000000000 31724.9000000000 11081.1000000000
 28900.5000000000 16856.4000000000 26200.0000000000 24072.2000000000 19935.2000000000 33812.8000000000 20171.8000000000 34925.3000000000 27347.1000000000 28106.3000000000 27042.7000000000 23793.7000000000 27628.9000000000 17097.7000000000 22766.8000000000 11656.7000000000 23293.2000000000 4736.00000000000 30988.7000000000 19821.1000000000
 35001.0000000000 16522.5000000000 27202.9000000000 19442.8000000000 31823.2000000000 9735.20000000000 26661.1000000000 15152.7000000000 33414.8000000000 22130.5000000000 42267.1000000000 30569.5000000000 24214.0000000000 38540.2000000000 36236.6000000000 19803.4000000000 22138.9000000000 24059.9000000000 25601.8000000000 31713.5000000000
