# Created by manolo on 2013.06.12_08.50.18 <manolo@pinwino2>
# name: runtime
# type: matrix
# rows: 9
# columns: 20
 138.777909040451 148.063949108124 143.849347114563 137.681066036224 264.897058010101 80.8712089061737 50.3661131858826 124.756329059601 104.461398839951 139.305960893631 172.857464075089 169.029882907867 214.404554843903 139.124742031097 49.9525530338287 157.882473945618 82.1904499530792 68.6837041378021 25.9613208770752 109.624401092529
 104.700471878052 67.8142251968384 55.4999501705170 139.377883911133 45.7879209518433 62.0692222118378 118.060703039169 58.7822599411011 78.4508409500122 92.0017309188843 37.2367939949036 100.085953950882 132.665214061737 108.706185102463 48.5153920650482 104.526247024536 126.056366920471 150.860225915909 95.4318799972534 81.5254158973694
 50.0803329944611 49.6834771633148 70.4187538623810 46.8776791095734 57.4473390579224 73.7181870937347 44.9027991294861 62.4605920314789 53.6036980152130 50.9360060691833 54.3115150928497 58.0004668235779 48.2410600185394 63.9010210037231 87.1532471179962 26.0872700214386 39.8775839805603 46.0477190017700 19.1067049503326 63.0005619525909
 33.0873441696167 63.5500469207764 125.985880851746 100.428742885590 108.192188024521 72.0248839855194 91.1977319717407 65.4678220748901 106.504860162735 104.571298122406 51.8229551315308 48.5496618747711 106.545181035995 42.1329631805420 73.3168761730194 107.865360975266 66.1322309970856 77.9137001037598 152.768000125885 3.94101500511169
 57.8552291393280 81.4521729946136 56.1495609283447 77.8062059879303 51.6754450798035 65.3105988502502 54.8838059902191 20.1501250267029 71.3086581230164 53.6743109226227 39.0840971469879 42.8876521587372 65.6518111228943 56.1159670352936 102.459605932236 9.90621399879456 47.3799891471863 39.1003310680389 64.8141818046570 94.8209002017975
 50.4076259136200 53.5188620090485 30.9991641044617 53.2180011272430 38.8406498432159 41.5563950538635 44.6339130401611 21.9358210563660 39.6996109485626 66.3066239356995 37.1951749324799 34.9303150177002 4.51955604553223 53.4709649085999 50.2783830165863 50.5096099376678 17.0348310470581 13.4341409206390 22.9127180576324 29.0899810791016
 83.7824029922485 43.7852249145508 85.2276000976562 90.3264670372009 63.1173610687256 77.4134218692780 130.920528173447 72.4876520633698 1.05497694015503 28.6786928176880 73.0467648506165 73.9615428447723 58.9519119262695 119.850359916687 36.2917611598969 102.695213079453 67.8216149806976 63.3705508708954 65.4763879776001 26.5904309749603
 34.5987410545349 28.6244609355927 38.0778529644012 28.0075759887695 16.6753809452057 39.6730749607086 34.3904538154602 58.8724861145020 39.6073510646820 46.2365090847015 40.4694349765778 36.7189328670502 55.3102009296417 28.6206760406494 40.3830928802490 16.4497430324554 29.4818141460419 7.86352896690369 48.2152490615845 30.5896501541138
 65.5827870368958 45.1690821647644 94.2171630859375 46.8269131183624 119.138726949692 30.6662671566010 63.1354050636292 66.3888599872589 84.6937301158905 24.4046559333801 130.092272996902 99.2591500282288 61.5526340007782 86.6510601043701 114.342317104340 30.9463880062103 70.9456357955933 61.5855200290680 73.0396111011505 79.6410601139069
