# Created by manolo on 2013.06.12_08.50.18 <manolo@pinwino2>
# name: runtime
# type: matrix
# rows: 9
# columns: 20
 138.777909040451 148.063949108124 143.849347114563 137.681066036224 264.897058010101 80.8712089061737 50.3661131858826 124.756329059601 104.461398839951 139.305960893631 172.857464075089 169.029882907867 214.404554843903 139.124742031097 49.9525530338287 157.882473945618 82.1904499530792 68.6837041378021 25.9613208770752 109.624401092529
 104.700471878052 67.8142251968384 55.4999501705170 139.377883911133 45.7879209518433 62.0692222118378 118.060703039169 58.7822599411011 78.4508409500122 92.0017309188843 37.2367939949036 100.085953950882 132.665214061737 108.706185102463 48.5153920650482 104.526247024536 126.056366920471 150.860225915909 95.4318799972534 81.5254158973694
 50.0803329944611 49.6834771633148 70.4187538623810 46.8776791095734 57.4473390579224 73.7181870937347 44.9027991294861 62.4605920314789 53.6036980152130 50.9360060691833 54.3115150928497 58.0004668235779 48.2410600185394 63.9010210037231 87.1532471179962 26.0872700214386 39.8775839805603 46.0477190017700 19.1067049503326 63.0005619525909
 33.0873441696167 63.5500469207764 125.985880851746 100.428742885590 108.192188024521 72.0248839855194 91.1977319717407 65.4678220748901 106.504860162735 104.571298122406 51.8229551315308 48.5496618747711 106.545181035995 42.1329631805420 73.3168761730194 107.865360975266 66.1322309970856 77.9137001037598 152.768000125885 3.94101500511169
 57.8552291393280 81.4521729946136 56.1495609283447 77.8062059879303 51.6754450798035 65.3105988502502 54.8838059902191 20.1501250267029 71.3086581230164 53.6743109226227 39.0840971469879 42.8876521587372 65.6518111228943 56.1159670352936 102.459605932236 9.90621399879456 47.3799891471863 39.1003310680389 64.8141818046570 94.8209002017975
 50.4076259136200 53.5188620090485 30.9991641044617 53.2180011272430 38.8406498432159 41.5563950538635 44.6339130401611 21.9358210563660 39.6996109485626 66.3066239356995 37.1951749324799 34.9303150177002 4.51955604553223 53.4709649085999 50.2783830165863 50.5096099376678 17.0348310470581 13.4341409206390 22.9127180576324 29.0899810791016
 83.7824029922485 43.7852249145508 85.2276000976562 90.3264670372009 63.1173610687256 77.4134218692780 130.920528173447 72.4876520633698 1.05497694015503 28.6786928176880 73.0467648506165 73.9615428447723 58.9519119262695 119.850359916687 36.2917611598969 102.695213079453 67.8216149806976 63.3705508708954 65.4763879776001 26.5904309749603
 34.5987410545349 28.6244609355927 38.0778529644012 28.0075759887695 16.6753809452057 39.6730749607086 34.3904538154602 58.8724861145020 39.6073510646820 46.2365090847015 40.4694349765778 36.7189328670502 55.3102009296417 28.6206760406494 40.3830928802490 16.4497430324554 29.4818141460419 7.86352896690369 48.2152490615845 30.5896501541138
 65.5827870368958 45.1690821647644 94.2171630859375 46.8269131183624 119.138726949692 30.6662671566010 63.1354050636292 66.3888599872589 84.6937301158905 24.4046559333801 130.092272996902 99.2591500282288 61.5526340007782 86.6510601043701 114.342317104340 30.9463880062103 70.9456357955933 61.5855200290680 73.0396111011505 79.6410601139069
# name: experiments
# type: string
# elements: 9
# length: 10
L1-CR1-RR1
# length: 10
L2-CR1-RR1
# length: 10
L2-CR1-RR2
# length: 10
L2-CR2-RR1
# length: 10
L4-CR1-RR1
# length: 10
L4-CR1-RR2
# length: 10
L4-CR2-RR1
# length: 10
L4-CR1-RR4
# length: 10
L4-CR4-RR1
# name: evaluations
# type: matrix
# rows: 9
# columns: 20
 21252 18708 17989.5000000000 15747.3000000000 31037.4000000000 17634.4000000000 9355.10000000001 14573.8000000000 15279.1000000000 18388.2000000000 25148.8000000000 32620.9999999999 26063.7000000000 20911.2000000000 12713.2000000000 19427.6000000001 13300.7000000000 10985.7000000000 7140.40000000000 18746.6000000000
 28871.3000000000 18648.0000000000 18398.5000000000 30071.9000000000 13798.5000000000 15482.1000000000 27445.4000000000 24411.5000000000 18311.8000000000 28286.3000000000 12608.7000000000 31284.7000000000 44066.6000000000 27336.1000000000 13940.7000000000 20661.1000000000 32917.5000000001 28949.1000000000 21758.6000000000 14488.4000000000
 12644.1000000000 17555.3000000000 23289.2000000000 20895.5000000000 27028.6000000000 21973.7000000000 19730.0000000000 17265.1000000000 19335.9000000000 13454.7000000000 24089 19437.3000000000 14250.9000000000 31201.2000000000 32416.2000000000 12348.1000000000 13535.6000000000 17828.0000000000 9465.10000000000 21136.5000000000
 9514.20000000000 14050.4000000000 30217.5000000000 26479.2000000000 29986.6000000000 21332.6000000000 23933.5000000000 18325.5000000000 28929 26594 11268.7000000000 11593.4000000000 31205.9000000000 10106.1000000000 20480.4000000000 22779.2000000000 23318.2000000000 18455.7000000000 21380.8000000000 2706.10000000000
 20884.3000000000 20822.2000000000 25665.5000000000 23239.0000000000 18673.5000000000 33767.7000000000 18353.1000000000 13095.6000000000 18951.0000000000 17144.4000000000 19020.2000000000 19983.4000000000 22801.8000000000 15515.3000000000 43014.7000000000 3755.60000000000 24114.1000000000 23027 20009.4000000000 32088.5000000000
 44517.6000000000 26137.2000000000 19797.0000000000 29384.5000000000 17797.2000000000 25873.0000000000 29113.8000000000 15937.7000000000 23228.7000000000 28365.7000000000 19329.3000000000 31297.1000000000 4517.40000000000 21385.4000000000 27387.6000000000 30218.0000000000 9699.80000000000 12969.3000000000 10815.2000000000 21684.9000000000
 45934.2000000000 18064 26517.0000000000 31248.0000000000 26777.8000000000 19294.0000000000 47173.9000000000 31716.7000000000 1645.20000000000 8458.90000000000 18735.7000000000 47987.2000000000 23281.4000000000 37977.9000000000 14881.1000000000 39019.1000000000 28123.8000000000 20857.3000000000 31724.9000000000 11081.1000000000
 28900.5000000000 16856.4000000000 26200.0000000000 24072.2000000000 19935.2000000000 33812.8000000000 20171.8000000000 34925.3000000000 27347.1000000000 28106.3000000000 27042.7000000000 23793.7000000000 27628.9000000000 17097.7000000000 22766.8000000000 11656.7000000000 23293.2000000000 4736.00000000000 30988.7000000000 19821.1000000000
 35001.0000000000 16522.5000000000 27202.9000000000 19442.8000000000 31823.2000000000 9735.20000000000 26661.1000000000 15152.7000000000 33414.8000000000 22130.5000000000 42267.1000000000 30569.5000000000 24214.0000000000 38540.2000000000 36236.6000000000 19803.4000000000 22138.9000000000 24059.9000000000 25601.8000000000 31713.5000000000
# name: fitnesses
# type: matrix
# rows: 9
# columns: 20
 10 10 10 10 10 10 10 10 10 10 10 10 10 10 10 10 10 10 10 10
 10 10 10 10 10 10 10 10 10 10 10 10 10 10 10 10 10 10 10 10
 10 10 10 10 10 10 10 10 10 10 10 10 10 10 10 10 10 10 10 10
 10 10 10 10 10 10 10 10 10 10 10 10 10 10 10 10 10 10 10 10
 10 10 10 10 10 10 10 10 10 10 10 10 10 10 10 10 10 10 10 10
 10 10 10 10 10 10 10 10 10 10 10 10 10 10 10 10 10 10 10 10
 10 10 10 10 10 10 10 10 10 10 10 10 10 10 10 10 10 10 10 10
 10 10 10 10 10 10 10 10 10 10 10 10 10 10 10 10 10 10 10 10
 10 10 10 10 10 10 10 10 10 10 10 10 10 10 10 10 10 10 10 10
