# name: evaluations
# type: matrix
# rows: 7
# columns: 20
 335898 340761 362785 363283 361050 15081 372412 66032 64118 388539 346452 339004 18572 357917 350174 83961 357688 379737 28649 342969
 40765 310135 262188 301711 328297 33975 311608 299776 290994 238130 300377 14416 331699 300867 298076 300042 290995 302583 37709 327952
 254274 254399 244608 299282 298710 275538 252271 284051 269842 278154 268580 274879 258985 31459 250492 236757 261101 239382 232423 255741
 22761 212144 255304 215981 13598 230980 220843 206867 14206 202872 225992 226641 201878 225818 215481 244295 222200 924 233206 245262
 267480 170661 214313 238148 248224 167906 208286 212146 255494 221508 243638 302796 224846 236578 225134 190699 226101 229536 189445 165481
 154785 194483 188799 190181 161226 193216 198033 133600 174839 201258 162392 187003 181459 165298 185463 147823 126884 179171 150865 207831
 15112 322532 351333 10403 26223 299674 338888 13342 312531 257268 291026 336142 353369 372445 314623 344135 320362 355318 238347 305055
