# Created by manolo on 2013.06.06_10.52.08 <manolo@pinwino2>
# name: runtime
# type: matrix
# rows: 7
# columns: 20
 60.3699259757996 60.1074409484863 59.5849010944366 60.0798881053925 60.0805659294128 2.43418407440186 60.0082490444183 7.84368991851807 8.52642798423767 60.2281279563904 60.4801909923553 60.0951030254364 2.32287192344666 60.0651330947876 60.0705327987671 10.0667829513550 60.0574860572815 60.0754418373108 3.63630700111389 60.2773489952087
 7.86563515663147 60.0823340415955 60.0978860855103 60.0783190727234 60.1631040573120 4.59694981575012 60.4179129600525 60.2785530090332 59.5843820571899 60.0905210971832 60.0609660148621 3.13654708862305 60.0338380336761 60.1636641025543 60.0704898834229 60.1416811943054 60.0825169086456 60.6479079723358 7.81157302856445 60.1235408782959
 60.0804839134216 60.1377401351929 60.1235709190369 60.3145439624786 60.2040970325470 59.8722829818726 60.0436289310455 60.1851370334625 60.2302639484406 60.5415501594543 59.9146988391876 60.3079030513763 60.0744359493256 7.06766295433044 60.3242840766907 60.1691908836365 60.0931549072266 60.1029529571533 60.1202030181885 60.1095919609070
 7.64158701896667 60.1470181941986 60.2077879905701 60.3984839916229 5.73948812484741 60.0702512264252 60.4101197719574 60.3489170074463 5.27263593673706 60.0851058959961 60.0521810054779 60.0601270198822 60.0171439647675 60.0422160625458 60.4857559204102 60.2615840435028 60.0522019863129 0.583782911300659 60.0765469074249 60.1637179851532
 60.2481131553650 60.2165541648865 60.2560589313507 60.1243691444397 60.1421120166779 60.0402112007141 60.2879738807678 60.2129819393158 60.1260421276093 60.1165797710419 60.1160390377045 60.1308500766754 60.1500790119171 60.2290809154510 60.0695409774780 60.0622899532318 60.3728868961334 60.0947918891907 60.0238249301910 60.0654640197754
 60.0429770946503 60.0797398090363 60.1137390136719 60.0961279869080 60.0571510791779 60.0587198734283 60.0438919067383 60.1288239955902 60.2866208553314 60.4899370670319 60.3464770317078 60.2613058090210 60.1817519664764 60.0613160133362 60.3419120311737 60.3494808673859 60.0593090057373 60.5681419372559 60.2993750572205 60.1447761058807
 3.53187608718872 60.2960100173950 60.2810130119324 2.74385905265808 5.90483498573303 60.1423850059509 60.1376860141754 2.52191114425659 59.9765679836273 60.4806549549103 60.0295209884644 60.4896810054779 60.0745799541473 60.1075699329376 60.1755280494690 60.1366281509399 60.1944801807404 60.1417598724365 60.1019198894501 60.2073619365692
