# name: evaluations
# type: matrix
# rows: 7
# columns: 20
 21656 2866 16867 5539 3187 3525 265677 1917 13472 4860 13061 17332 2653 2665 2249 17820 30696 20245 13345 18408
 10537 16087 11934 70 3806 3469 8307 16057 17515 230411 10383 6710 1074 1185 211332 25112 40695 214792 3868 12263
 1445 201442 194331 227307 1198 5037 8239 18202 193829 5970 23550 200623 14353 4730 8883 183531 6406 205764 502 190255
 143206 5276 195056 172205 3459 167661 548 6761 3236 1644 146376 218137 122267 4880 7886 5677 7229 2619 1547 861
 165513 173098 197841 136464 144730 157118 158112 150676 153000 158051 126256 157067 132587 2706 146764 112126 132379 126961 138848 196351
 172941 1423 142444 121080 160763 137315 126392 129095 155140 160411 110618 129133 92984 172816 142812 123104 1120 113807 165979 114310
 217056 10846 263269 3460 254323 235112 8895 9125 6711 8941 1901 1494 7812 232813 192942 11532 256357 4297 240818 195999
