# name: fitnesses
# type: matrix
# rows: 7
# columns: 20
 29792 29792 29792 29792 29792 29792 29761 29792 29792 29792 29792 29792 29792 29792 29792 29792 29792 29792 29792 29792
 29792 29792 29792 29792 29792 29792 29792 29792 29792 29761 29792 29792 29792 29792 29761 29792 29792 29761 29792 29792
 29792 29761 29761 29761 29792 29792 29792 29792 29761 29792 29792 29761 29792 29792 29792 29761 29792 29761 29792 29761
 29761 29792 29761 29761 29792 29761 29792 29792 29792 29792 29761 29761 29761 29792 29792 29792 29792 29792 29792 29792
 29761 29761 29761 29761 29761 29761 29761 29761 29761 29761 29761 29761 29761 29792 29761 29761 29761 29761 29761 29761
 29761 29792 29761 29761 29761 29761 29761 29761 29761 29761 29761 29761 29761 29761 29761 29761 29792 29761 29761 29761
 29761 29792 29761 29792 29761 29761 29792 29792 29792 29792 29792 29792 29792 29761 29761 29792 29761 29792 29761 29761
