# Created by manolo on 2013.06.05_12.22.51 <manolo@pinwino2>
# name: runtime
# type: matrix
# rows: 7
# columns: 20
 4.05163598060608 0.454997062683105 2.45536398887634 0.859146118164062 0.503828048706055 0.519229173660278 60.0345489978790 0.481902837753296 2.14402294158936 0.708472013473511 2.19500803947449 3.43946194648743 0.388478994369507 0.498257160186768 0.492472887039185 4.01361894607544 5.68826413154602 3.40647101402283 2.88375091552734 2.79969096183777
 3.06943893432617 4.82788109779358 3.34621715545654 0.184803962707520 0.685834169387817 1.86113715171814 2.81732082366943 3.82143521308899 4.84838294982910 60.3737521171570 2.60390400886536 2.18710684776306 0.437641859054565 0.469151020050049 60.3296010494232 7.11159515380859 9.17602992057800 60.1707289218903 1.98059916496277 3.07052993774414
 0.513056993484497 60.3531949520111 60.0475029945374 60.3033089637756 0.520690917968750 2.32013702392578 2.42269802093506 7.09861516952515 60.4821128845215 2.33850193023682 10.5595309734344 60.0989849567413 4.81333899497986 1.97725987434387 4.36191391944885 60.1239809989929 2.94950890541077 60.1126091480255 0.491138935089111 60.0890109539032
 60.6577980518341 2.73956823348999 60.1860702037811 60.0177018642426 3.01377582550049 60.1637408733368 0.517248153686523 3.73630809783936 2.24796700477600 1.92070603370667 60.0553679466248 60.2129800319672 60.1088180541992 4.07986807823181 4.89122891426086 3.73546695709229 4.00342416763306 2.38038802146912 2.01004290580750 0.401949882507324
 60.1191418170929 60.2568440437317 60.0518529415131 60.5948991775513 60.4604041576385 60.3330430984497 60.1236798763275 60.4135601520538 60.1096658706665 60.1457109451294 60.0301539897919 60.1833200454712 59.8856368064880 2.19243001937866 60.0482962131500 60.1390218734741 60.7106289863586 60.4022140502930 60.0768148899078 60.0885889530182
 60.1165599822998 1.95095300674438 60.5748109817505 60.0862898826599 60.2406620979309 60.5596189498901 60.4491808414459 60.1046509742737 60.2082810401917 60.4829318523407 60.0197489261627 60.2221410274506 60.3382639884949 60.1737279891968 60.2009871006012 60.0315251350403 2.09963297843933 60.2836980819702 60.2892169952393 60.1834099292755
 60.2226140499115 3.81719183921814 60.2191190719604 1.96557211875916 60.2582731246948 60.1407611370087 3.13036799430847 3.67691493034363 2.48027205467224 2.96102786064148 0.626159191131592 0.501425027847290 2.88488411903381 60.2773678302765 60.0842359066010 4.40433096885681 60.4556920528412 2.31444501876831 60.1530489921570 60.1155779361725
