# Created by manolo on 2013.06.05_12.22.51 <manolo@pinwino2>
# name: runtime
# type: matrix
# rows: 7
# columns: 20
 4.05163598060608 0.454997062683105 2.45536398887634 0.859146118164062 0.503828048706055 0.519229173660278 60.0345489978790 0.481902837753296 2.14402294158936 0.708472013473511 2.19500803947449 3.43946194648743 0.388478994369507 0.498257160186768 0.492472887039185 4.01361894607544 5.68826413154602 3.40647101402283 2.88375091552734 2.79969096183777
 3.06943893432617 4.82788109779358 3.34621715545654 0.184803962707520 0.685834169387817 1.86113715171814 2.81732082366943 3.82143521308899 4.84838294982910 60.3737521171570 2.60390400886536 2.18710684776306 0.437641859054565 0.469151020050049 60.3296010494232 7.11159515380859 9.17602992057800 60.1707289218903 1.98059916496277 3.07052993774414
 0.513056993484497 60.3531949520111 60.0475029945374 60.3033089637756 0.520690917968750 2.32013702392578 2.42269802093506 7.09861516952515 60.4821128845215 2.33850193023682 10.5595309734344 60.0989849567413 4.81333899497986 1.97725987434387 4.36191391944885 60.1239809989929 2.94950890541077 60.1126091480255 0.491138935089111 60.0890109539032
 60.6577980518341 2.73956823348999 60.1860702037811 60.0177018642426 3.01377582550049 60.1637408733368 0.517248153686523 3.73630809783936 2.24796700477600 1.92070603370667 60.0553679466248 60.2129800319672 60.1088180541992 4.07986807823181 4.89122891426086 3.73546695709229 4.00342416763306 2.38038802146912 2.01004290580750 0.401949882507324
 60.1191418170929 60.2568440437317 60.0518529415131 60.5948991775513 60.4604041576385 60.3330430984497 60.1236798763275 60.4135601520538 60.1096658706665 60.1457109451294 60.0301539897919 60.1833200454712 59.8856368064880 2.19243001937866 60.0482962131500 60.1390218734741 60.7106289863586 60.4022140502930 60.0768148899078 60.0885889530182
 60.1165599822998 1.95095300674438 60.5748109817505 60.0862898826599 60.2406620979309 60.5596189498901 60.4491808414459 60.1046509742737 60.2082810401917 60.4829318523407 60.0197489261627 60.2221410274506 60.3382639884949 60.1737279891968 60.2009871006012 60.0315251350403 2.09963297843933 60.2836980819702 60.2892169952393 60.1834099292755
 60.2226140499115 3.81719183921814 60.2191190719604 1.96557211875916 60.2582731246948 60.1407611370087 3.13036799430847 3.67691493034363 2.48027205467224 2.96102786064148 0.626159191131592 0.501425027847290 2.88488411903381 60.2773678302765 60.0842359066010 4.40433096885681 60.4556920528412 2.31444501876831 60.1530489921570 60.1155779361725
# name: experiments
# type: string
# elements: 7
# length: 1
3
# length: 1
4
# length: 1
5
# length: 1
6
# length: 1
7
# length: 1
8
# length: 3
3-8
# name: evaluations
# type: matrix
# rows: 7
# columns: 20
 21656 2866 16867 5539 3187 3525 265677 1917 13472 4860 13061 17332 2653 2665 2249 17820 30696 20245 13345 18408
 10537 16087 11934 70 3806 3469 8307 16057 17515 230411 10383 6710 1074 1185 211332 25112 40695 214792 3868 12263
 1445 201442 194331 227307 1198 5037 8239 18202 193829 5970 23550 200623 14353 4730 8883 183531 6406 205764 502 190255
 143206 5276 195056 172205 3459 167661 548 6761 3236 1644 146376 218137 122267 4880 7886 5677 7229 2619 1547 861
 165513 173098 197841 136464 144730 157118 158112 150676 153000 158051 126256 157067 132587 2706 146764 112126 132379 126961 138848 196351
 172941 1423 142444 121080 160763 137315 126392 129095 155140 160411 110618 129133 92984 172816 142812 123104 1120 113807 165979 114310
 217056 10846 263269 3460 254323 235112 8895 9125 6711 8941 1901 1494 7812 232813 192942 11532 256357 4297 240818 195999
# name: fitnesses
# type: matrix
# rows: 7
# columns: 20
 29792 29792 29792 29792 29792 29792 29761 29792 29792 29792 29792 29792 29792 29792 29792 29792 29792 29792 29792 29792
 29792 29792 29792 29792 29792 29792 29792 29792 29792 29761 29792 29792 29792 29792 29761 29792 29792 29761 29792 29792
 29792 29761 29761 29761 29792 29792 29792 29792 29761 29792 29792 29761 29792 29792 29792 29761 29792 29761 29792 29761
 29761 29792 29761 29761 29792 29761 29792 29792 29792 29792 29761 29761 29761 29792 29792 29792 29792 29792 29792 29792
 29761 29761 29761 29761 29761 29761 29761 29761 29761 29761 29761 29761 29761 29792 29761 29761 29761 29761 29761 29761
 29761 29792 29761 29761 29761 29761 29761 29761 29761 29761 29761 29761 29761 29761 29761 29761 29792 29761 29761 29761
 29761 29792 29761 29792 29761 29761 29792 29792 29792 29792 29792 29792 29792 29761 29761 29792 29761 29792 29761 29761
