# name: evaluations
# type: matrix
# rows: 7
# columns: 20
 2782.40000000000 15007.8000000000 17846.1000000000 12490.7000000000 24156.3000000000 16285 9426.40000000000 8059.10000000000 6322.90000000001 479 8429.80000000001 8327.39999999999 13042.5000000000 14158.9000000000 5524.80000000000 15547.4000000000 11004.8000000000 13579.5000000000 4616.10000000000 6432.50000000000
 12072.4000000000 14843.5000000000 13501.9000000000 13718.6000000000 7907.40000000000 11356.7000000000 9976.90000000000 12276.2000000000 7683.30000000001 13748.3000000000 7053.40000000001 3055.20000000000 14702.5000000000 12504.1000000000 5027.19999999999 8778.70000000001 6767 14152 16152.7000000000 824.900000000000
 18203.0000000000 12544.3000000000 5961.10000000000 16529.3000000000 11367.4000000000 11779.1000000000 16878.4000000000 12997.6000000000 19506.4000000000 17134.0000000000 8617.80000000000 10618.5000000000 13104 12187.9000000000 21996.9000000000 16075.9000000000 20870.9000000000 8407.20000000000 13337.6000000000 9026.69999999999
 14891.6000000000 15051.5000000000 5728.69999999999 7355.90000000001 12830.7000000000 18594.3000000000 10236.3000000000 12851.9000000000 15820.3000000000 18712.8000000000 2592.20000000000 9286.99999999997 14238 12709.1000000000 1268 4972.20000000000 11953.5000000000 3479.20000000000 2521.40000000000 10766.4000000000
 22998.7000000000 24308.2000000000 20206.4000000000 7366.10000000000 12834.7000000000 14818 21164.9000000000 18270.8000000000 23366.6000000000 6721.90000000000 12368.8000000000 13308.2000000000 23513.8000000000 17414.7000000000 10875.3000000000 5283.80000000000 19705.4000000000 13317.1000000000 7822.20000000000 22921.5000000000
 14192.4000000000 12261.8000000000 3387.30000000000 6721.30000000000 16777.9000000000 4603.10000000000 11434.6000000000 18179.5000000000 6774.60000000000 8202.90000000000 8558.79999999999 20135.2000000000 12992.9000000000 14195.1000000000 17273 13676 16985.7000000000 15659.9000000000 8644.39999999999 11691.6000000000
 9182.10000000000 25121.3000000000 23010.2000000000 23094.1000000000 30519.2000000000 23004.3000000000 21575.6000000000 18004.6000000000 8342.10000000000 19973.5000000000 16909 15480.7000000000 25645.4000000000 18582.4000000000 7962.70000000000 13930.9000000000 16934.9000000000 14978.6000000000 9127.60000000000 23398.5000000000
