# Created by manolo on 2013.06.01_11.46.31 <manolo@pinwino2>
# name: runtime
# type: matrix
# rows: 7
# columns: 20
 7.03184700012207 43.4912497997284 42.0271790027618 34.0973150730133 60.3518309593201 39.6514759063721 24.5016560554504 19.8183557987213 15.3098781108856 0.918338060379028 22.4115290641785 22.8145208358765 37.8219590187073 34.1177799701691 15.3634729385376 40.7525022029877 27.3841500282288 36.4065940380096 11.4995100498199 18.9593999385834
 39.3069119453430 54.2308039665222 47.9159018993378 49.4496910572052 24.9707710742950 40.2015168666840 37.1660449504852 48.5866289138794 23.0635280609131 50.4837009906769 22.6423399448395 10.9688911437988 57.3682157993317 46.5113081932068 13.7316219806671 30.2250740528107 21.4387199878693 46.4654331207275 62.0196280479431 1.05292415618896
 29.2233219146729 23.5750849246979 9.84847593307495 25.0708019733429 20.8829519748688 18.2499861717224 28.7524268627167 23.3615210056305 30.9358928203583 26.0564260482788 11.5569820404053 16.7040531635284 22.8819251060486 22.5744559764862 39.1415858268738 26.0745699405670 34.9320840835571 14.5351600646973 24.2004010677338 12.9621770381927
 84.5985689163208 102.707482099533 28.5091989040375 30.8593878746033 59.3468739986420 97.0799319744110 47.6227111816406 69.8303821086884 87.8484289646149 107.748560190201 8.46389389038086 63.8575870990753 72.5548870563507 69.5237021446228 3.29831004142761 24.3113338947296 67.1192419528961 15.5110189914703 10.2106339931488 61.5674381256104
 27.7610909938812 26.0706028938293 22.3665771484375 6.54576992988586 16.3450629711151 12.2065391540527 24.2621841430664 17.4925069808960 24.0802481174469 7.88594698905945 13.6189730167389 13.7411720752716 25.2645711898804 20.4616482257843 12.2151141166687 6.25705504417419 22.7324519157410 14.6452140808105 8.88926506042480 26.1373579502106
 56.8538818359375 57.2811341285706 12.5677478313446 22.4695830345154 83.6117930412292 17.7087910175323 55.5307011604309 94.9928548336029 25.5502197742462 38.6217830181122 46.3536839485168 83.4230711460114 63.2173888683319 73.8580169677734 75.5877909660339 63.0374598503113 81.5613949298859 77.4450719356537 37.6778900623322 45.9638841152191
 11.2456960678101 34.0305759906769 33.0188441276550 28.4796228408813 45.7949509620667 31.1400101184845 32.0700209140778 22.0549001693726 10.8030622005463 28.0720741748810 23.9754400253296 20.4221389293671 32.0713589191437 25.6782219409943 10.5437800884247 17.7597639560699 23.7608458995819 19.9895088672638 11.1466450691223 30.7954919338226
