# Created by manolo on 2013.06.01_11.46.31 <manolo@pinwino2>
# name: runtime
# type: matrix
# rows: 7
# columns: 20
 7.03184700012207 43.4912497997284 42.0271790027618 34.0973150730133 60.3518309593201 39.6514759063721 24.5016560554504 19.8183557987213 15.3098781108856 0.918338060379028 22.4115290641785 22.8145208358765 37.8219590187073 34.1177799701691 15.3634729385376 40.7525022029877 27.3841500282288 36.4065940380096 11.4995100498199 18.9593999385834
 39.3069119453430 54.2308039665222 47.9159018993378 49.4496910572052 24.9707710742950 40.2015168666840 37.1660449504852 48.5866289138794 23.0635280609131 50.4837009906769 22.6423399448395 10.9688911437988 57.3682157993317 46.5113081932068 13.7316219806671 30.2250740528107 21.4387199878693 46.4654331207275 62.0196280479431 1.05292415618896
 29.2233219146729 23.5750849246979 9.84847593307495 25.0708019733429 20.8829519748688 18.2499861717224 28.7524268627167 23.3615210056305 30.9358928203583 26.0564260482788 11.5569820404053 16.7040531635284 22.8819251060486 22.5744559764862 39.1415858268738 26.0745699405670 34.9320840835571 14.5351600646973 24.2004010677338 12.9621770381927
 84.5985689163208 102.707482099533 28.5091989040375 30.8593878746033 59.3468739986420 97.0799319744110 47.6227111816406 69.8303821086884 87.8484289646149 107.748560190201 8.46389389038086 63.8575870990753 72.5548870563507 69.5237021446228 3.29831004142761 24.3113338947296 67.1192419528961 15.5110189914703 10.2106339931488 61.5674381256104
 27.7610909938812 26.0706028938293 22.3665771484375 6.54576992988586 16.3450629711151 12.2065391540527 24.2621841430664 17.4925069808960 24.0802481174469 7.88594698905945 13.6189730167389 13.7411720752716 25.2645711898804 20.4616482257843 12.2151141166687 6.25705504417419 22.7324519157410 14.6452140808105 8.88926506042480 26.1373579502106
 56.8538818359375 57.2811341285706 12.5677478313446 22.4695830345154 83.6117930412292 17.7087910175323 55.5307011604309 94.9928548336029 25.5502197742462 38.6217830181122 46.3536839485168 83.4230711460114 63.2173888683319 73.8580169677734 75.5877909660339 63.0374598503113 81.5613949298859 77.4450719356537 37.6778900623322 45.9638841152191
 11.2456960678101 34.0305759906769 33.0188441276550 28.4796228408813 45.7949509620667 31.1400101184845 32.0700209140778 22.0549001693726 10.8030622005463 28.0720741748810 23.9754400253296 20.4221389293671 32.0713589191437 25.6782219409943 10.5437800884247 17.7597639560699 23.7608458995819 19.9895088672638 11.1466450691223 30.7954919338226
# name: experiments
# type: string
# elements: 7
# length: 7
CL1-CR1
# length: 7
CL1-CR2
# length: 7
CL2-CR1
# length: 7
CL1-CR4
# length: 7
CL4-CR1
# length: 7
CL1-CR3
# length: 7
CL3-CR1
# name: evaluations
# type: matrix
# rows: 7
# columns: 20
 2782.40000000000 15007.8000000000 17846.1000000000 12490.7000000000 24156.3000000000 16285 9426.40000000000 8059.10000000000 6322.90000000001 479 8429.80000000001 8327.39999999999 13042.5000000000 14158.9000000000 5524.80000000000 15547.4000000000 11004.8000000000 13579.5000000000 4616.10000000000 6432.50000000000
 12072.4000000000 14843.5000000000 13501.9000000000 13718.6000000000 7907.40000000000 11356.7000000000 9976.90000000000 12276.2000000000 7683.30000000001 13748.3000000000 7053.40000000001 3055.20000000000 14702.5000000000 12504.1000000000 5027.19999999999 8778.70000000001 6767 14152 16152.7000000000 824.900000000000
 18203.0000000000 12544.3000000000 5961.10000000000 16529.3000000000 11367.4000000000 11779.1000000000 16878.4000000000 12997.6000000000 19506.4000000000 17134.0000000000 8617.80000000000 10618.5000000000 13104 12187.9000000000 21996.9000000000 16075.9000000000 20870.9000000000 8407.20000000000 13337.6000000000 9026.69999999999
 14891.6000000000 15051.5000000000 5728.69999999999 7355.90000000001 12830.7000000000 18594.3000000000 10236.3000000000 12851.9000000000 15820.3000000000 18712.8000000000 2592.20000000000 9286.99999999997 14238 12709.1000000000 1268 4972.20000000000 11953.5000000000 3479.20000000000 2521.40000000000 10766.4000000000
 22998.7000000000 24308.2000000000 20206.4000000000 7366.10000000000 12834.7000000000 14818 21164.9000000000 18270.8000000000 23366.6000000000 6721.90000000000 12368.8000000000 13308.2000000000 23513.8000000000 17414.7000000000 10875.3000000000 5283.80000000000 19705.4000000000 13317.1000000000 7822.20000000000 22921.5000000000
 14192.4000000000 12261.8000000000 3387.30000000000 6721.30000000000 16777.9000000000 4603.10000000000 11434.6000000000 18179.5000000000 6774.60000000000 8202.90000000000 8558.79999999999 20135.2000000000 12992.9000000000 14195.1000000000 17273 13676 16985.7000000000 15659.9000000000 8644.39999999999 11691.6000000000
 9182.10000000000 25121.3000000000 23010.2000000000 23094.1000000000 30519.2000000000 23004.3000000000 21575.6000000000 18004.6000000000 8342.10000000000 19973.5000000000 16909 15480.7000000000 25645.4000000000 18582.4000000000 7962.70000000000 13930.9000000000 16934.9000000000 14978.6000000000 9127.60000000000 23398.5000000000
25.9429030418396 39.7542144060135 23.4683029651642 62.7125126123428 16.9187849760056 57.0675079822540 24.8268309831620 
25.9429030418396 39.7542144060135 23.4683029651642 62.7125126123428 16.9187849760056 57.0675079822540 24.8268309831620 
