# name: evaluations
# type: matrix
# rows: 7
# columns: 20
 57101.2666666666 59384.5000000000 67342.2000000000 57905.9000000000 56103.8000000001 61938.5666666666 59548.9000000000 57969.9666666667 76683.5333333333 68604.4666666667 64409.5333333333 65229.3333333333 62171.6333333333 61253.7000000000 68297.1333333333 69093.6666666667 56775.7000000000 69230.7666666666 65296.2333333333 68184.4000000000
 53903.1000000000 61718.9666666666 49675.5333333333 61847.1333333334 56949.1666666667 60091.4000000000 53239.6666666667 53422.0999999999 47737.7000000000 49555 63210.1333333333 44477.3333333334 44799.3666666666 61813.9333333334 42754.1333333334 48726.8666666668 46954.7666666665 52998.7000000000 47843.9000000000 54248.1000000000
 42305.1333333333 48520.4666666668 48952.2000000000 58111.4333333334 43542.5333333335 42385.7000000001 34528.6333333333 50371.4000000001 48732.3333333333 56782.8333333333 49667.2666666666 51449.5333333334 40793.3666666667 43220.3666666668 41047.4000000000 44017.2666666666 44667.3000000000 44588.7666666666 48917.3333333334 40546.5666666667
 51902.1666666667 50603.3000000000 37976.1999999999 30604.6666666666 47692.5333333335 39490.9000000000 43620.0999999999 31124.4000000000 38100.7666666667 42070.9666666668 37798.7000000000 38705.2000000000 34320.0000000000 34936.6000000000 33754.0333333333 45124.2000000000 36562.6000000000 31271.8666666667 45053.0333333334 39796.2666666667
 38995.9000000000 39503.8000000001 48343.5000000000 38625.2333333334 34808.3666666666 36715.3333333333 37036.5999999999 30368.0333333333 45751.7333333334 46103.0666666667 37591.6666666667 44059.3333333334 39340.2000000000 32409.8333333333 33873.1666666666 47047.1333333335 36020.7666666666 38674.5333333332 28985.9333333333 40627.2666666666
 29146.3000000000 24974.1666666666 68498.6000000002 39937.4333333333 32929.3333333333 29404.1333333333 28589.3666666666 41700.2666666666 30360.9666666666 27986.4333333333 32766.0666666666 29944.3000000000 32633.3666666666 20554.3666666666 19652.0999999999 40210.1666666667 37644.3000000000 27085.0333333333 21420.0999999998 42173.4666666667
 35131.0333333334 47940.8333333334 45758.4666666666 58349.2666666667 44892.9333333333 33149.3666666667 51608.6000000000 39186.8999999999 48441.7333333333 46530.6999999999 34637.6000000000 42998.1666666667 50541.1666666667 56757.2333333334 50401.7333333334 49787.4666666667 56661.8000000000 46699.2666666666 44508.3666666666 46337.8666666666
