# Created by manolo on 2013.06.20_03.57.10 <manolo@pinwino2>
# name: runtime
# type: matrix
# rows: 7
# columns: 20
 120.091861009598 120.216598987579 120.091207027435 120.060209035873 120.010554075241 120.347987174988 120.302853822708 120.670286893845 120.138991117477 120.193424940109 120.309286117554 120.233145952225 120.007652997971 120.029358863831 120.163913011551 120.397505044937 120.071274042130 120.113204002380 120.034349918365 120.225415945053
 120.599168062210 120.341922998428 120.284925937653 120.384171009064 120.018957138062 120.006575822830 120.174113035202 120.185297966003 119.959300041199 120.121860980988 120.146491050720 120.079395055771 119.840786933899 120.558666944504 120.144952058792 120.319264888763 120.371670007706 120.375585079193 120.154561042786 120.219992876053
 120.181693077087 120.298201799393 119.285269975662 120.278376817703 120.187028884888 120.106126070023 120.323924064636 120.091940879822 120.400027036667 120.151861906052 120.295006990433 120.356894969940 120.144390821457 120.748061895370 119.394835948944 120.229194879532 120.069357872009 120.187036037445 120.134132146835 120.285453081131
 120.276784896851 120.045826911926 120.082364082336 120.236241102219 120.238629102707 120.135265827179 120.251651048660 120.614928960800 116.944442987442 120.068055152893 120.080605983734 120.043737888336 120.269705057144 119.446395158768 120.117799997330 119.832105159760 120.280585050583 120.279536962509 120.321268081665 120.184907913208
 120.277716159821 119.938168048859 120.244457006454 120.428555965424 120.019535064697 120.292612075806 120.182948112488 120.118323087692 120.145091056824 120.455474853516 120.349937915802 120.172392845154 104.077187061310 120.157845020294 120.117648124695 116.845095157623 120.116430044174 120.291634082794 120.141031980515 120.197510004044
 99.2733359336853 119.981631994247 120.015508890152 120.323465108871 120.252310991287 119.998862981796 119.821712970734 120.185510873795 120.171931982040 120.302844047546 120.151180982590 120.186579942703 120.135212182999 120.337718009949 120.531944036484 120.170632123947 120.229666948318 120.396922826767 120.544402122498 120.198701143265
 120.351385831833 120.269548892975 119.919708013535 119.554654121399 120.267120838165 120.898720026016 119.442641019821 119.803001165390 120.251997947693 120.205217123032 120.374711036682 120.159857988358 120.219310998917 120.303915023804 121.053685188293 119.360574007034 120.230933904648 119.536418914795 120.350291967392 119.927167177200
