# name: fitnesses
# type: matrix
# rows: 7
# columns: 20
 25.8453760000000 26.4057600000000 26.4057600000000 26.4057600000000 26.4849920000000 26.8444160000000 26.7651840000000 25.6869120000000 25.6869120000000 26.7651840000000 27.8434560000000 26.7651840000000 27.2038400000000 27.1246080000000 27.1246080000000 27.4840320000000 27.1246080000000 27.4840320000000 26.4057600000000 27.4840320000000
 27.9226880000000 27.2038400000000 27.4840320000000 28.2028800000000 28.5623040000000 27.1246080000000 27.4840320000000 28.2028800000000 27.8434560000000 26.7651840000000 28.2028800000000 27.4840320000000 26.8444160000000 28.9217280000000 27.4840320000000 27.1246080000000 27.4840320000000 26.4849920000000 27.8434560000000 26.7651840000000
 29.0009600000000 29.6405760000000 30 28.9217280000000 29.6405760000000 29.0009600000000 27.4840320000000 27.2038400000000 28.9217280000000 26.0463360000000 28.2028800000000 28.9217280000000 26.4057600000000 28.5623040000000 29.6405760000000 28.9217280000000 28.2028800000000 27.8434560000000 28.6415360000000 28.5623040000000
 28.5623040000000 28.5623040000000 28.9217280000000 26.7651840000000 29.2811520000000 27.9226880000000 27.5632640000000 26.7651840000000 30 28.9217280000000 28.9217280000000 28.2028800000000 29.2811520000000 27.2038400000000 28.2028800000000 28.3613440000000 26.7651840000000 27.9226880000000 27.8434560000000 29.2811520000000
 28.0019200000000 25.6869120000000 29.6405760000000 28.5623040000000 27.1246080000000 27.5632640000000 27.9226880000000 26.4057600000000 28.2028800000000 27.5632640000000 25.6869120000000 26.2048000000000 30 29.6405760000000 26.8444160000000 30 27.4840320000000 27.5632640000000 24.9680640000000 28.5623040000000
 30 26.4849920000000 27.8434560000000 29.6405760000000 28.9217280000000 28.2821120000000 27.1246080000000 28.9217280000000 29.2811520000000 27.1246080000000 26.2840320000000 27.5632640000000 27.2038400000000 24.1274880000000 25.7661440000000 26.5642240000000 28.0019200000000 25.7661440000000 25.2057600000000 29.6405760000000
 26.4849920000000 27.1246080000000 28.9217280000000 27.4840320000000 27.4840320000000 26.0463360000000 27.8434560000000 28.2821120000000 29.3603840000000 28.5623040000000 25.6869120000000 26.8444160000000 28.9217280000000 27.9226880000000 27.8434560000000 27.4840320000000 27.2038400000000 25.6869120000000 27.9226880000000 27.4840320000000
