# Created by manolo on 2013.06.20_03.57.10 <manolo@pinwino2>
# name: runtime
# type: matrix
# rows: 7
# columns: 20
 120.091861009598 120.216598987579 120.091207027435 120.060209035873 120.010554075241 120.347987174988 120.302853822708 120.670286893845 120.138991117477 120.193424940109 120.309286117554 120.233145952225 120.007652997971 120.029358863831 120.163913011551 120.397505044937 120.071274042130 120.113204002380 120.034349918365 120.225415945053
 120.599168062210 120.341922998428 120.284925937653 120.384171009064 120.018957138062 120.006575822830 120.174113035202 120.185297966003 119.959300041199 120.121860980988 120.146491050720 120.079395055771 119.840786933899 120.558666944504 120.144952058792 120.319264888763 120.371670007706 120.375585079193 120.154561042786 120.219992876053
 120.181693077087 120.298201799393 119.285269975662 120.278376817703 120.187028884888 120.106126070023 120.323924064636 120.091940879822 120.400027036667 120.151861906052 120.295006990433 120.356894969940 120.144390821457 120.748061895370 119.394835948944 120.229194879532 120.069357872009 120.187036037445 120.134132146835 120.285453081131
 120.276784896851 120.045826911926 120.082364082336 120.236241102219 120.238629102707 120.135265827179 120.251651048660 120.614928960800 116.944442987442 120.068055152893 120.080605983734 120.043737888336 120.269705057144 119.446395158768 120.117799997330 119.832105159760 120.280585050583 120.279536962509 120.321268081665 120.184907913208
 120.277716159821 119.938168048859 120.244457006454 120.428555965424 120.019535064697 120.292612075806 120.182948112488 120.118323087692 120.145091056824 120.455474853516 120.349937915802 120.172392845154 104.077187061310 120.157845020294 120.117648124695 116.845095157623 120.116430044174 120.291634082794 120.141031980515 120.197510004044
 99.2733359336853 119.981631994247 120.015508890152 120.323465108871 120.252310991287 119.998862981796 119.821712970734 120.185510873795 120.171931982040 120.302844047546 120.151180982590 120.186579942703 120.135212182999 120.337718009949 120.531944036484 120.170632123947 120.229666948318 120.396922826767 120.544402122498 120.198701143265
 120.351385831833 120.269548892975 119.919708013535 119.554654121399 120.267120838165 120.898720026016 119.442641019821 119.803001165390 120.251997947693 120.205217123032 120.374711036682 120.159857988358 120.219310998917 120.303915023804 121.053685188293 119.360574007034 120.230933904648 119.536418914795 120.350291967392 119.927167177200
# name: experiments
# type: string
# elements: 7
# length: 1
3
# length: 1
4
# length: 1
5
# length: 1
6
# length: 1
7
# length: 1
8
# length: 3
3-8
# name: evaluations
# type: matrix
# rows: 7
# columns: 20
 57101.2666666666 59384.5000000000 67342.2000000000 57905.9000000000 56103.8000000001 61938.5666666666 59548.9000000000 57969.9666666667 76683.5333333333 68604.4666666667 64409.5333333333 65229.3333333333 62171.6333333333 61253.7000000000 68297.1333333333 69093.6666666667 56775.7000000000 69230.7666666666 65296.2333333333 68184.4000000000
 53903.1000000000 61718.9666666666 49675.5333333333 61847.1333333334 56949.1666666667 60091.4000000000 53239.6666666667 53422.0999999999 47737.7000000000 49555 63210.1333333333 44477.3333333334 44799.3666666666 61813.9333333334 42754.1333333334 48726.8666666668 46954.7666666665 52998.7000000000 47843.9000000000 54248.1000000000
 42305.1333333333 48520.4666666668 48952.2000000000 58111.4333333334 43542.5333333335 42385.7000000001 34528.6333333333 50371.4000000001 48732.3333333333 56782.8333333333 49667.2666666666 51449.5333333334 40793.3666666667 43220.3666666668 41047.4000000000 44017.2666666666 44667.3000000000 44588.7666666666 48917.3333333334 40546.5666666667
 51902.1666666667 50603.3000000000 37976.1999999999 30604.6666666666 47692.5333333335 39490.9000000000 43620.0999999999 31124.4000000000 38100.7666666667 42070.9666666668 37798.7000000000 38705.2000000000 34320.0000000000 34936.6000000000 33754.0333333333 45124.2000000000 36562.6000000000 31271.8666666667 45053.0333333334 39796.2666666667
 38995.9000000000 39503.8000000001 48343.5000000000 38625.2333333334 34808.3666666666 36715.3333333333 37036.5999999999 30368.0333333333 45751.7333333334 46103.0666666667 37591.6666666667 44059.3333333334 39340.2000000000 32409.8333333333 33873.1666666666 47047.1333333335 36020.7666666666 38674.5333333332 28985.9333333333 40627.2666666666
 29146.3000000000 24974.1666666666 68498.6000000002 39937.4333333333 32929.3333333333 29404.1333333333 28589.3666666666 41700.2666666666 30360.9666666666 27986.4333333333 32766.0666666666 29944.3000000000 32633.3666666666 20554.3666666666 19652.0999999999 40210.1666666667 37644.3000000000 27085.0333333333 21420.0999999998 42173.4666666667
 35131.0333333334 47940.8333333334 45758.4666666666 58349.2666666667 44892.9333333333 33149.3666666667 51608.6000000000 39186.8999999999 48441.7333333333 46530.6999999999 34637.6000000000 42998.1666666667 50541.1666666667 56757.2333333334 50401.7333333334 49787.4666666667 56661.8000000000 46699.2666666666 44508.3666666666 46337.8666666666
# name: fitnesses
# type: matrix
# rows: 7
# columns: 20
 25.8453760000000 26.4057600000000 26.4057600000000 26.4057600000000 26.4849920000000 26.8444160000000 26.7651840000000 25.6869120000000 25.6869120000000 26.7651840000000 27.8434560000000 26.7651840000000 27.2038400000000 27.1246080000000 27.1246080000000 27.4840320000000 27.1246080000000 27.4840320000000 26.4057600000000 27.4840320000000
 27.9226880000000 27.2038400000000 27.4840320000000 28.2028800000000 28.5623040000000 27.1246080000000 27.4840320000000 28.2028800000000 27.8434560000000 26.7651840000000 28.2028800000000 27.4840320000000 26.8444160000000 28.9217280000000 27.4840320000000 27.1246080000000 27.4840320000000 26.4849920000000 27.8434560000000 26.7651840000000
 29.0009600000000 29.6405760000000 30 28.9217280000000 29.6405760000000 29.0009600000000 27.4840320000000 27.2038400000000 28.9217280000000 26.0463360000000 28.2028800000000 28.9217280000000 26.4057600000000 28.5623040000000 29.6405760000000 28.9217280000000 28.2028800000000 27.8434560000000 28.6415360000000 28.5623040000000
 28.5623040000000 28.5623040000000 28.9217280000000 26.7651840000000 29.2811520000000 27.9226880000000 27.5632640000000 26.7651840000000 30 28.9217280000000 28.9217280000000 28.2028800000000 29.2811520000000 27.2038400000000 28.2028800000000 28.3613440000000 26.7651840000000 27.9226880000000 27.8434560000000 29.2811520000000
 28.0019200000000 25.6869120000000 29.6405760000000 28.5623040000000 27.1246080000000 27.5632640000000 27.9226880000000 26.4057600000000 28.2028800000000 27.5632640000000 25.6869120000000 26.2048000000000 30 29.6405760000000 26.8444160000000 30 27.4840320000000 27.5632640000000 24.9680640000000 28.5623040000000
 30 26.4849920000000 27.8434560000000 29.6405760000000 28.9217280000000 28.2821120000000 27.1246080000000 28.9217280000000 29.2811520000000 27.1246080000000 26.2840320000000 27.5632640000000 27.2038400000000 24.1274880000000 25.7661440000000 26.5642240000000 28.0019200000000 25.7661440000000 25.2057600000000 29.6405760000000
 26.4849920000000 27.1246080000000 28.9217280000000 27.4840320000000 27.4840320000000 26.0463360000000 27.8434560000000 28.2821120000000 29.3603840000000 28.5623040000000 25.6869120000000 26.8444160000000 28.9217280000000 27.9226880000000 27.8434560000000 27.4840320000000 27.2038400000000 25.6869120000000 27.9226880000000 27.4840320000000
