# Created by manolo on 2013.06.06_20.41.56 <manolo@pinwino2>
# name: runtime
# type: matrix
# rows: 7
# columns: 20
 60.1504600048065 60.0757980346680 60.2669219970703 60.2278349399567 60.2402119636536 60.1199190616608 60.2615799903870 60.1079919338226 60.2684078216553 60.2343180179596 60.1789710521698 60.2421360015869 60.0830631256104 60.0856180191040 60.1543679237366 60.1260559558868 60.2551131248474 60.1708149909973 60.0870621204376 60.1817378997803
 60.2689518928528 60.0708980560303 60.0987780094147 60.1418561935425 60.0876629352570 60.0583410263062 60.1050980091095 60.0236990451813 60.3507878780365 60.2376799583435 60.1856219768524 60.0928649902344 60.0535640716553 60.1107091903687 60.0755219459534 60.0873210430145 60.1659150123596 60.2637231349945 60.1353180408478 60.1569008827209
 60.2454860210419 60.3158390522003 60.1818940639496 60.0830891132355 60.0818221569061 60.2161321640015 60.0811691284180 60.1101670265198 60.1075780391693 60.0459651947021 60.1760361194611 60.3413081169128 60.2271590232849 60.1887679100037 60.1632099151611 60.1991491317749 60.1991429328918 60.1141788959503 60.1477539539337 60.0263209342957
 60.4028599262238 60.0668959617615 58.3381941318512 60.1019690036774 60.1889441013336 54.8517491817474 47.0422701835632 60.1676521301270 49.7402899265289 60.1709258556366 55.7930409908295 45.8195540904999 60.2635030746460 60.0356080532074 60.1005909442902 60.3829860687256 60.1585450172424 51.4280619621277 60.1090488433838 56.0780918598175
 60.1248908042908 60.1660130023956 41.0375859737396 33.7421979904175 54.1744050979614 58.7331159114838 60.0491731166840 52.3773620128632 60.1734180450439 60.2097320556641 50.0418121814728 60.0741460323334 46.7736980915070 38.4821050167084 60.1278820037842 60.1847279071808 56.2574658393860 50.6851711273193 59.8373930454254 59.6591930389404
 52.7503709793091 60.1742208003998 59.8758451938629 51.1325469017029 51.9006059169769 53.8623349666595 60.1445908546448 60.3385419845581 56.5722279548645 60.1297860145569 60.1343309879303 60.1599311828613 60.1481750011444 60.2555952072144 60.1598730087280 58.6405630111694 60.4168200492859 60.1934690475464 59.9936470985413 48.4605832099915
 60.0956270694733 54.6584548950195 60.0870871543884 60.3983211517334 60.3100860118866 60.1321609020233 60.1349880695343 60.0801820755005 60.1610920429230 60.1494610309601 60.1238791942596 55.0421478748322 60.1048109531403 60.1214401721954 60.1587791442871 60.1731760501862 60.1509621143341 60.4038500785828 60.1578669548035 60.3632669448853
