# name: evaluations
# type: matrix
# rows: 7
# columns: 20
 37221.1000000000 37480.4666666666 38683.7666666667 36979.8666666666 35619.6666666666 41076.4000000000 38294.0666666667 38181.7666666667 37808.4666666666 37861.5333333334 36873.9000000000 39433.8666666667 35563.5000000001 38311.2000000000 36203.9333333333 37958.9666666667 36917.5000000000 40034.2666666666 36669.0333333333 39119
 31617.0333333334 33739.7000000000 29940.6666666667 32647.1333333333 33463.8333333333 30110.3666666667 32865.1000000000 31142.9333333333 31168 32880.3333333334 31043.2666666667 34823.7000000000 34434.0666666666 31377.2000000000 32383.3666666666 32790.4666666667 32501.3666666667 35333.9333333333 32638.8999999999 30839.9000000000
 27528.1666666667 32990.4333333334 30900.1999999999 25881.1666666667 27429.4000000000 26276.1333333334 32401.2333333334 27445.2333333334 26460.6666666666 26351.7000000000 28347.2000000000 29418.2000000000 32515.3666666667 30952.8333333333 30414.6000000000 29422.8000000000 31153.2666666666 32406.7666666666 27689.1999999999 28534.5000000000
 23220.6333333333 28473.2000000001 22434.0666666667 24247.1333333333 20865.2333333333 25309.9333333334 15220.2666666667 27623.8000000001 23386.5333333333 27915.7333333333 21386.0666666667 20732.3000000000 28283.8000000000 23800.2000000000 28555.8333333334 21615.8000000000 28062 21341.5000000000 26931.9666666667 24063.6333333333
 21076.2000000000 24033.1000000000 16275.1666666667 12578.9333333333 19430.5333333333 23657.6000000000 21812.1000000001 20973 21435.7000000000 24257.2333333333 19012.8333333333 24546.3000000000 16682.5666666667 11747.1666666667 22461.6666666667 18955.5666666667 22851.4333333334 17413.5666666666 25089.9666666666 22981.4000000001
 13360.0333333333 21764.8666666667 18905.5333333333 17939.3333333333 21515.7666666667 17713.1666666667 20028.3000000000 23316.6000000000 24626.2666666667 23554.9333333334 24885.8333333334 20125.4000000000 17165.3333333333 14905.3000000000 19020.6666666666 16939.4666666666 20947.4666666666 17992.9000000000 22393.7666666666 11759.3000000000
 30388.7666666667 30669.8666666667 28188.4666666666 31080.3333333333 29599.6333333334 33632.7000000001 33013.8333333333 32224.4333333333 28332.8666666667 31617.6000000000 30999.6333333334 27284.3333333333 29828.6000000001 27792.6000000001 31370.2000000000 30341.4666666666 30827.7000000000 29475.7666666667 27786.9666666667 27162.7000000000
