# Created by manolo on 2013.06.06_20.41.56 <manolo@pinwino2>
# name: runtime
# type: matrix
# rows: 7
# columns: 20
 60.1504600048065 60.0757980346680 60.2669219970703 60.2278349399567 60.2402119636536 60.1199190616608 60.2615799903870 60.1079919338226 60.2684078216553 60.2343180179596 60.1789710521698 60.2421360015869 60.0830631256104 60.0856180191040 60.1543679237366 60.1260559558868 60.2551131248474 60.1708149909973 60.0870621204376 60.1817378997803
 60.2689518928528 60.0708980560303 60.0987780094147 60.1418561935425 60.0876629352570 60.0583410263062 60.1050980091095 60.0236990451813 60.3507878780365 60.2376799583435 60.1856219768524 60.0928649902344 60.0535640716553 60.1107091903687 60.0755219459534 60.0873210430145 60.1659150123596 60.2637231349945 60.1353180408478 60.1569008827209
 60.2454860210419 60.3158390522003 60.1818940639496 60.0830891132355 60.0818221569061 60.2161321640015 60.0811691284180 60.1101670265198 60.1075780391693 60.0459651947021 60.1760361194611 60.3413081169128 60.2271590232849 60.1887679100037 60.1632099151611 60.1991491317749 60.1991429328918 60.1141788959503 60.1477539539337 60.0263209342957
 60.4028599262238 60.0668959617615 58.3381941318512 60.1019690036774 60.1889441013336 54.8517491817474 47.0422701835632 60.1676521301270 49.7402899265289 60.1709258556366 55.7930409908295 45.8195540904999 60.2635030746460 60.0356080532074 60.1005909442902 60.3829860687256 60.1585450172424 51.4280619621277 60.1090488433838 56.0780918598175
 60.1248908042908 60.1660130023956 41.0375859737396 33.7421979904175 54.1744050979614 58.7331159114838 60.0491731166840 52.3773620128632 60.1734180450439 60.2097320556641 50.0418121814728 60.0741460323334 46.7736980915070 38.4821050167084 60.1278820037842 60.1847279071808 56.2574658393860 50.6851711273193 59.8373930454254 59.6591930389404
 52.7503709793091 60.1742208003998 59.8758451938629 51.1325469017029 51.9006059169769 53.8623349666595 60.1445908546448 60.3385419845581 56.5722279548645 60.1297860145569 60.1343309879303 60.1599311828613 60.1481750011444 60.2555952072144 60.1598730087280 58.6405630111694 60.4168200492859 60.1934690475464 59.9936470985413 48.4605832099915
 60.0956270694733 54.6584548950195 60.0870871543884 60.3983211517334 60.3100860118866 60.1321609020233 60.1349880695343 60.0801820755005 60.1610920429230 60.1494610309601 60.1238791942596 55.0421478748322 60.1048109531403 60.1214401721954 60.1587791442871 60.1731760501862 60.1509621143341 60.4038500785828 60.1578669548035 60.3632669448853
# name: experiments
# type: string
# elements: 7
# length: 1
3-mmdp
# length: 1
4-mmdp
# length: 1
5-mmdp
# length: 1
6-mmdp
# length: 1
7-mmdp
# length: 1
8-mmdp
# length: 3
3-8
# name: evaluations
# type: matrix
# rows: 7
# columns: 20
 37221.1000000000 37480.4666666666 38683.7666666667 36979.8666666666 35619.6666666666 41076.4000000000 38294.0666666667 38181.7666666667 37808.4666666666 37861.5333333334 36873.9000000000 39433.8666666667 35563.5000000001 38311.2000000000 36203.9333333333 37958.9666666667 36917.5000000000 40034.2666666666 36669.0333333333 39119
 31617.0333333334 33739.7000000000 29940.6666666667 32647.1333333333 33463.8333333333 30110.3666666667 32865.1000000000 31142.9333333333 31168 32880.3333333334 31043.2666666667 34823.7000000000 34434.0666666666 31377.2000000000 32383.3666666666 32790.4666666667 32501.3666666667 35333.9333333333 32638.8999999999 30839.9000000000
 27528.1666666667 32990.4333333334 30900.1999999999 25881.1666666667 27429.4000000000 26276.1333333334 32401.2333333334 27445.2333333334 26460.6666666666 26351.7000000000 28347.2000000000 29418.2000000000 32515.3666666667 30952.8333333333 30414.6000000000 29422.8000000000 31153.2666666666 32406.7666666666 27689.1999999999 28534.5000000000
 23220.6333333333 28473.2000000001 22434.0666666667 24247.1333333333 20865.2333333333 25309.9333333334 15220.2666666667 27623.8000000001 23386.5333333333 27915.7333333333 21386.0666666667 20732.3000000000 28283.8000000000 23800.2000000000 28555.8333333334 21615.8000000000 28062 21341.5000000000 26931.9666666667 24063.6333333333
 21076.2000000000 24033.1000000000 16275.1666666667 12578.9333333333 19430.5333333333 23657.6000000000 21812.1000000001 20973 21435.7000000000 24257.2333333333 19012.8333333333 24546.3000000000 16682.5666666667 11747.1666666667 22461.6666666667 18955.5666666667 22851.4333333334 17413.5666666666 25089.9666666666 22981.4000000001
 13360.0333333333 21764.8666666667 18905.5333333333 17939.3333333333 21515.7666666667 17713.1666666667 20028.3000000000 23316.6000000000 24626.2666666667 23554.9333333334 24885.8333333334 20125.4000000000 17165.3333333333 14905.3000000000 19020.6666666666 16939.4666666666 20947.4666666666 17992.9000000000 22393.7666666666 11759.3000000000
 30388.7666666667 30669.8666666667 28188.4666666666 31080.3333333333 29599.6333333334 33632.7000000001 33013.8333333333 32224.4333333333 28332.8666666667 31617.6000000000 30999.6333333334 27284.3333333333 29828.6000000001 27792.6000000001 31370.2000000000 30341.4666666666 30827.7000000000 29475.7666666667 27786.9666666667 27162.7000000000
# name: fitnesses
# type: matrix
# rows: 7
# columns: 20
 26.8444160000000 26.1255680000000 26.1255680000000 26.9236480000000 26.8444160000000 27.4840320000000 26.8444160000000 25.4859520000000 26.8444160000000 26.8444160000000 25.7661440000000 25.4859520000000 26.4057600000000 26.2048000000000 26.0463360000000 27.9226880000000 26.4057600000000 27.1246080000000 26.1255680000000 25.3274880000000
 27.2830720000000 27.8434560000000 25.8453760000000 26.7651840000000 27.8434560000000 28.2028800000000 27.9226880000000 27.2830720000000 27.2830720000000 28.5623040000000 27.9226880000000 28.2028800000000 27.2038400000000 28.2028800000000 28.5623040000000 29.2811520000000 28.2028800000000 28.2028800000000 28.5623040000000 26.0463360000000
 28.2821120000000 29.3603840000000 29.2811520000000 28.6415360000000 29.6405760000000 29.3603840000000 29.2811520000000 29.0009600000000 28.9217280000000 28.5623040000000 28.2028800000000 29.0009600000000 28.5623040000000 27.5632640000000 28.9217280000000 28.2821120000000 29.2811520000000 29.6405760000000 28.9217280000000 29.6405760000000
 29.6405760000000 28.9217280000000 30 28.9217280000000 28.9217280000000 30 30 28.2028800000000 30 29.6405760000000 30 30 29.6405760000000 28.9217280000000 29.6405760000000 28.5623040000000 29.6405760000000 30 29.6405760000000 30
 29.3603840000000 29.6405760000000 30 30 30 30 29.2811520000000 30 28.6415360000000 28.6415360000000 30 29.2811520000000 30 30 29.6405760000000 29.6405760000000 30 30 30 30
 30 28.6415360000000 30 30 30 30 29.6405760000000 29.6405760000000 30 28.9217280000000 29.0009600000000 29.6405760000000 28.2028800000000 29.6405760000000 29.2811520000000 30 29.6405760000000 28.2028800000000 28.9217280000000 30
 27.9226880000000 30 28.7207680000000 27.9226880000000 28.9217280000000 29.2811520000000 28.5623040000000 28.6415360000000 28.3613440000000 29.2811520000000 30 30 29.6405760000000 27.1246080000000 29.2811520000000 27.8434560000000 27.9226880000000 28.5623040000000 28.9217280000000 28.9217280000000
