# name: evaluations
# type: matrix
# rows: 7
# columns: 20
 59328 269 4242 157896 7247 25841 939 46688 253439 4898 7220 7939 182827 1358 6268 3838 40232 7383 49201 7499
 82551 12411 4065 102426 3136 25260 124374 330 8857 8384 118639 3770 2069 5811 5902 6157 6063 15611 77120 8885
 6984 46779 3053 75410 163206 131821 4016 3223 188895 3974 84091 868 92460 33151 9708 6841 169097 6631 148496 132499
 55843 1158 6514 91417 67334 143164 95036 71276 18367 68964 76863 36876 87726 158372 97229 8357 140128 5860 9114 100508
 14022 45600 41239 109507 45335 116671 105931 109637 93683 131877 81712 34257 84434 26973 73834 105280 34903 72695 34357 73227
 28171 18009 15733 47341 32767 24784 75643 46564 100885 44177 16249 30363 36296 75208 118536 57875 90995 47564 657 69791
 6471 94903 90676 8541 73748 5799 55951 187012 143819 94049 125999 12713 13428 199087 63176 134295 203963 100628 24632 9965
