# Created by manolo on 2013.06.18_20.53.11 <manolo@pinwino2>
# name: runtime
# type: matrix
# rows: 7
# columns: 20
 12.8473298549652 0.497719049453735 0.642506837844849 59.9468369483948 0.547672033309937 3.10297608375549 0.631748199462891 12.8073868751526 60.6338469982147 0.733722925186157 0.932735919952393 3.24177598953247 60.1431479454041 0.553555965423584 0.867694854736328 0.673438072204590 6.63237619400024 0.996546030044556 6.15359687805176 0.860509157180786
 60.3045661449432 2.87731504440308 0.849814891815186 60.1022610664368 0.895547151565552 7.20175004005432 60.1523308753967 0.518204927444458 1.18959999084473 4.79934215545654 60.2904689311981 2.56780910491943 0.911888837814331 0.973520994186401 1.48798799514771 0.970453977584839 0.806451797485352 2.56081485748291 60.2293388843536 3.84452295303345
 1.10597109794617 60.2061460018158 0.979362964630127 60.2369470596313 60.0422670841217 60.1317300796509 2.40916800498962 0.462034225463867 60.1332740783691 2.74849295616150 59.8429470062256 0.692426919937134 59.7492241859436 15.0010828971863 5.55950617790222 2.50953602790833 60.3126859664917 4.52362298965454 60.8610520362854 60.2927739620209
 59.6563091278076 0.838220834732056 4.29095101356506 60.0882160663605 60.3172969818115 60.1552350521088 59.6692149639130 60.2762889862061 59.8914079666138 60.1567928791046 60.7593028545380 60.3835880756378 60.0486450195312 58.8662588596344 60.8062930107117 0.732442855834961 60.0283219814301 4.19758105278015 13.5946497917175 60.2172520160675
 13.3937680721283 60.7438931465149 60.4502019882202 60.0912058353424 60.6296029090881 59.9221630096436 60.1308090686798 60.0634040832520 59.9543578624725 60.2640078067780 60.1930110454559 59.8405048847198 60.7867588996887 60.0446169376373 60.7248539924622 60.0236449241638 60.3311529159546 60.4289491176605 60.0986950397491 60.1003570556641
 59.8570330142975 60.6311690807343 60.1506469249725 60.0711188316345 60.1331460475922 60.2207548618317 60.8457639217377 60.1399319171906 60.6917040348053 61.0064139366150 60.0953128337860 60.8163170814514 59.8420779705048 60.1330919265747 59.3351509571075 60.1972129344940 60.6519389152527 59.9047060012817 0.672744035720825 60.7936460971832
 3.72701096534729 60.7307119369507 60.0924999713898 4.53941607475281 60.2672369480133 2.68240094184875 60.7131428718567 59.5529160499573 59.5615329742432 60.2502851486206 59.9091529846191 2.62993502616882 10.3504688739777 60.5310299396515 60.6978721618652 59.9322600364685 60.4794919490814 60.0314090251923 12.1027710437775 1.02353405952454
