# Created by manolo on 2013.06.01_07.54.20 <manolo@pinwino2>
# name: runtime
# type: matrix
# rows: 7
# columns: 20
 3.95613598823547 7.23415803909302 10.3758800029755 6.60576510429382 12.8059689998627 19.2182681560516 16.4209778308868 5.40604686737061 14.8263590335846 25.6055459976196 19.2370891571045 24.0009319782257 9.48433589935303 17.8175449371338 13.7797818183899 5.16826200485229 10.3093698024750 3.53380990028381 21.9388480186462 3.71184015274048
 6.97779893875122 9.86408591270447 17.2925059795380 7.39043784141541 26.0823330879211 9.08258605003357 25.0267140865326 12.8919470310211 14.6427521705627 21.4632780551910 13.7868270874023 11.6503741741180 15.4192640781403 21.0557439327240 5.55014300346375 8.66870093345642 21.1730589866638 28.0649409294128 25.8923389911652 5.64005899429321
 9.41426801681519 2.77345705032349 10.5466940402985 20.2967340946198 6.37368202209473 8.29717707633972 17.1109831333160 4.29934501647949 7.06359100341797 7.91525387763977 19.9110398292542 7.67969703674316 8.13758921623230 3.76278686523438 13.2884969711304 9.83269691467285 6.75149703025818 10.5666890144348 16.5813801288605 11.1956639289856
 23.9884760379791 23.0695269107819 31.8607790470123 33.5354890823364 21.7178339958191 25.6281888484955 5.85911297798157 24.1108739376068 13.0769209861755 2.13096404075623 29.9316930770874 10.9196898937225 2.96077203750610 7.98619794845581 34.3281722068787 19.5518438816071 26.8596131801605 10.9800028800964 31.3879690170288 26.4478189945221
 13.0632379055023 10.4775180816650 24.2794439792633 3.88408684730530 14.4085178375244 13.4632098674774 13.4030249118805 17.5347659587860 13.4675698280334 14.6255030632019 3.23240804672241 9.65753889083862 9.84214901924133 6.16335797309875 11.2749910354614 8.09083795547485 5.17082595825195 12.7626478672028 21.1016020774841 13.5466701984406
 19.0035250186920 11.4552519321442 14.4756510257721 19.3069870471954 16.6252930164337 12.0689749717712 18.3193550109863 22.6540269851685 5.51823997497559 26.6664888858795 23.0033938884735 23.2678349018097 41.4504780769348 17.5311799049377 9.10642409324646 16.1350018978119 9.76832103729248 22.6183629035950 18.4626870155334 18.2157161235809
 5.66111302375793 14.4783618450165 19.4757950305939 14.5129709243774 13.7988951206207 5.78781509399414 12.6585228443146 12.9594969749451 6.96297407150269 11.7298920154572 11.9955010414124 12.0060291290283 8.76024508476257 12.0784521102905 15.1676211357117 11.3357830047607 11.1028220653534 13.4096970558167 14.9223439693451 2.56000185012817
