# name: evaluations
# type: matrix
# rows: 7
# columns: 20
 1869.68750000000 3489.68750000000 5739.06250000000 3786.31250000000 6011.81250000000 9911.37500000000 8701.50000000000 3170.62500000000 8284.37500000000 14403.1250000000 9087.31250000000 13054.8125000000 5331.68750000000 9375.81250000000 6659 2417.18750000000 4751.37500000000 1710.18750000000 10955 1759.62500000000
 2727.31250000000 3999.56250000000 6990.87500000000 2714.62500000000 10018.6250000000 3750.31250000000 8997.93750000000 5092.93750000000 6593.87500000000 8496.68750000000 5783.43750000000 5323.93750000000 5599.87500000000 8413.75000000000 3150.62500000000 3648.31250000000 8101.87500000000 10740.1250000000 10545.7500000000 2052.75000000000
 7289.31250000000 2004.50000000000 8593.37500000000 14808.4375000000 6488.37500000000 6886.43750000000 13104.5000000000 4581.25000000000 5275.62500000000 7923.12500000000 14887.1250000000 6814.68750000000 7078.87500000000 3331.56250000000 9655.43750000000 7031.87500000000 5524.87500000000 8594.12500000000 12191.5625000000 8613.43750000000
 7704.50000000000 7309.12500000000 8568.62500000000 8753.50000000000 6238.75000000000 8469.93750000000 2327.56250000000 7455.50000000000 3911.25000000000 1371.31250000000 9439.56250000000 4091.12500000000 1129.68750000000 4250.25000000000 10055.8125000000 6463.93750000000 8104 3356.93750000000 9118.18750000000 7854.50000000000
 14372.8750000000 11778 27730.8125000000 4807.68750000000 14136.4375000000 12135.3125000000 13114.4375000000 17186.7500000000 13709.5625000000 13831.6250000000 3931.18750000000 9659.62500000000 9671.56250000000 6625.68750000000 11908.2500000000 8879.31250000000 7726 16526.7500000000 23741.5000000000 12527.6250000000
 6773.25000000000 4105 5206.12500000000 6786.87500000000 5585.62500000000 4139 7126.50000000000 7231.68750000000 2272.68750000000 8040.68750000000 8149.37500000000 7446.93750000000 14062.6875000000 5692.43750000000 3315.43750000000 5873.75000000000 3292.93750000000 7476.18750000000 6296.37500000000 8696.06250000000
 6773.06250000000 13578.8750000000 17142.8125000000 14277.2500000000 14392.8750000000 6574.43750000000 12685.8125000000 12038 7511 13526.9375000000 12439.1875000000 10182.9375000000 8640.43750000000 11714.5625000000 16790.7500000000 12103.0625000000 9346.43750000000 12989.8125000000 15628.7500000000 3916.12500000000
