# name: evaluations
# type: matrix
# rows: 7
# columns: 20
 3417.93750000000 4552.62500000000 5682.06250000000 4353.31250000000 4419.25000000000 4405 4841.18750000000 13946.5625000000 1718.18750000000 7169.18750000000 12870.4375000000 3872.50000000000 4053.56250000000 11542.5625000000 7258.37500000000 3972.12500000000 1888.12500000000 6596.31250000000 5306.50000000000 3226.87500000000
 8045.37500000000 7082.93750000000 1047.75000000000 6867.06250000000 7687.56250000000 5618.75000000000 7447 1803.25000000000 7719.75000000000 2204 8249.06250000000 1004.50000000000 7393.68750000000 4662.06250000000 9456.62500000000 3945.50000000000 7111.56250000000 4074.93750000000 7903.68750000000 8626.56250000000
 2685.43750000000 3895.68750000000 11286.1875000000 10098.8125000000 9784.81250000000 3254.87500000000 4934.43750000000 5525.37500000000 6149.75000000000 7877.31250000000 8016.87500000000 7551.25000000000 8658.31250000000 8640.93750000000 8669.81250000000 13119.0625000000 6233.18750000000 5346 11924.1875000000 9198.75000000000
 11982.1875000000 6858.62500000000 11988.9375000000 6918.12500000000 6034.31250000000 5820.56250000000 3109.12500000000 4835.87500000000 3591.18750000000 5675.37500000000 13216.5000000000 4444.31250000000 5633.75000000000 7453.18750000000 8288.56250000000 2920.25000000000 6004.62500000000 4899.06250000000 4460.31250000000 2434.81250000000
 9827.81250000000 15806 13460.1875000000 3863.18750000000 9637.06250000000 8886.62500000000 4271.87500000000 9850.43750000000 5695.18750000000 14866.5000000000 8587.87500000000 9895.56250000000 6767.31250000000 5063.75000000000 19177.3125000000 6547.31250000000 7005.12500000000 7775.81250000000 7590.50000000000 9685
 4563.87500000000 6299.62500000000 4650.68750000000 5029.62500000000 7096.93750000000 9858 11001.2500000000 1242.75000000000 8096.68750000000 5713.75000000000 4618.81250000000 10548.6250000000 2424.31250000000 6260.18750000000 5077.62500000000 5346.06250000000 7098.75000000000 3083.43750000000 4410.06250000000 7219.56250000000
 10025.3750000000 9477.18750000000 10822.6875000000 10488 5657.43750000000 5053.12500000000 9409.06250000000 11793.0625000000 9985.12500000000 9688.56250000000 10008.3750000000 5646.50000000000 13505.1875000000 9205.81250000000 10354.9375000000 10682.9375000000 7100.87500000000 8747.31250000000 12271 13688.3750000000
