# Created by manolo on 2013.06.01_08.43.12 <manolo@pinwino2>
# name: runtime
# type: matrix
# rows: 7
# columns: 20
 9.89007210731506 12.9279949665070 14.8862640857697 11.5975680351257 9.42347383499146 9.63854002952576 13.5174229145050 44.2688407897949 3.69687390327454 14.7693550586700 36.6349771022797 8.81167697906494 8.60748600959778 33.5426430702209 18.8884251117706 9.94803118705750 4.56249690055847 20.3676159381866 13.8380780220032 8.66837191581726
 32.3435559272766 31.5659890174866 1.80935096740723 22.2829790115356 31.6138260364532 23.6918029785156 27.4804160594940 5.55395913124084 30.0708360671997 9.17906594276428 28.6473019123077 3.07372903823853 27.9662380218506 16.1043829917908 43.3880779743195 16.4201021194458 20.0476238727570 16.4449081420898 30.3502569198608 33.6133189201355
 4.62814402580261 6.06098103523254 19.5369491577148 15.6321439743042 16.6913299560547 5.38576698303223 8.72273397445679 8.44981813430786 9.30853605270386 13.3261210918427 13.4928379058838 12.8786590099335 18.6520118713379 15.3392820358276 15.4690878391266 27.7771999835968 11.0457041263580 8.89255499839783 22.7710349559784 14.5526459217072
 81.5189220905304 36.5760700702667 72.5291841030121 38.5378971099854 30.6219820976257 31.2310910224915 13.5255930423737 24.4429171085358 16.1028621196747 30.6781408786774 86.8489029407501 18.4020991325378 25.2796978950500 37.1481649875641 39.2191169261932 13.9977810382843 33.2386338710785 18.9029650688171 21.6394050121307 9.68228006362915
 11.7434849739075 23.4861199855804 14.3144519329071 5.31329989433289 11.6917810440063 9.00126695632935 3.75300884246826 12.2967009544373 5.96840500831604 16.1858870983124 8.99905800819397 11.3567121028900 8.52492094039917 4.84287309646606 26.5339679718018 6.74011802673340 7.41137909889221 10.3973650932312 7.96192622184753 11.2235970497131
 19.0700778961182 35.1070308685303 19.9651308059692 24.5782749652863 39.0865180492401 43.8580751419067 56.4222450256348 3.45255398750305 32.7604160308838 28.0267889499664 15.9049260616302 52.8808419704437 5.71211910247803 27.1680629253387 21.3860321044922 22.3732130527496 30.1988029479980 9.85930299758911 19.3150591850281 34.6520078182220
 13.0932860374451 13.2584531307220 13.6189019680023 13.9466190338135 7.80133605003357 7.57241797447205 9.89285802841187 14.4119439125061 11.0277118682861 13.8642051219940 13.7121877670288 9.42482995986938 18.9538838863373 10.6422278881073 12.7414610385895 16.0793180465698 9.83216404914856 12.2895839214325 18.1729319095612 19.3748130798340
