# name: evaluations
# type: matrix
# rows: 7
# columns: 20
 11743.8000000000 10489.6000000000 17029.4000000001 17900.3000000000 12003.2000000000 9537.80000000000 12785.4000000000 6690.10000000000 14393.1000000000 12726.6000000000 5803.80000000001 9055.70000000000 17837.5000000000 8528.99999999999 21211.3000000000 7443.90000000000 11815.4000000000 15804.5000000000 15930.8000000000 18348.4000000000
 14386.8000000000 12910.1000000000 16124.1000000000 7182.10000000001 5488.90000000000 19828.5000000000 12804 9322.29999999999 6420.40000000000 18419.1000000000 8739.30000000000 6843.20000000000 5203.20000000000 13972.2000000000 9400.69999999998 11474.2000000000 17385.9000000000 6988.69999999999 7106.90000000000 16681.7000000000
 5230.50000000000 15907.7000000000 14244.6000000000 6685 14468.5000000000 6098.40000000000 19942.9000000000 16030.2000000000 20501 3485.60000000000 18520.3000000000 13533.2000000000 8850.50000000001 11919.4000000000 6085 24411.1000000000 6798.30000000000 16240.6000000000 7795.60000000000 20530.2000000000
 18141.4000000000 19311 3511.50000000000 7842.10000000000 12382.8000000000 14908 8415.79999999999 10848.7000000000 22151.3999999999 13337.4000000000 13510.2000000000 24481.6000000000 19136.5000000000 16553.3000000000 12608.3000000000 18192.7000000000 19701 7190 16144.6000000000 14652.4000000000
 22829.0000000000 20127 27426.4000000000 21983.4000000000 16213.8000000000 33699.5000000000 35225.0000000001 22907.7000000000 9308.20000000000 28418.7000000000 35774.6000000000 20986.8000000000 29178.8000000000 27328.5000000000 26799.1000000000 23110.1000000000 20505.1000000000 20526.8000000000 34518.2000000000 14589
 15162.4000000000 17947.3000000000 10134 12407 13632.2000000000 13223 17950.5000000000 14474 19609.6000000000 16339.3000000000 15608.2000000000 19588.1000000000 13165.2000000000 3827.30000000000 13165.1000000000 14591 14795.8000000001 9094.29999999998 16758.6000000000 5910.20000000000
 11834.1000000000 20456.5000000000 26239.9000000000 9766.50000000000 5421.50000000000 19488.8000000000 15778.9000000000 28573.1000000000 4064.90000000000 18294.4000000000 20512.8000000000 19107.9000000000 16506.1000000000 3345.40000000000 25080.9000000000 23243.4000000000 30373.3000000000 27600.8000000000 24990.6000000000 11231.2000000000
