# Created by manolo on 2013.06.01_05.44.55 <manolo@pinwino2>
# name: runtime
# type: matrix
# rows: 7
# columns: 20
 18.7624549865723 17.0299420356750 28.0183548927307 27.3616061210632 20.4502429962158 15.5782861709595 18.3917191028595 10.0975360870361 19.5949490070343 20.1827762126923 9.96111798286438 14.6658740043640 26.6686301231384 13.0828049182892 33.0568850040436 12.3692278862000 19.0330700874329 25.7596271038055 26.0898680686951 29.0788850784302
 26.4961550235748 24.5682580471039 29.9793438911438 15.5057139396667 9.70517683029175 33.8147971630096 26.7084169387817 17.3593850135803 13.3252930641174 36.6821031570435 17.9039049148560 11.4864149093628 8.82103204727173 28.5675928592682 17.7437520027161 22.2793679237366 35.9526941776276 14.1649580001831 12.7646739482880 33.4288020133972
 6.15770292282104 15.1096489429474 16.9482932090759 6.25271892547607 16.8974611759186 6.78236007690430 22.1112899780273 17.0001239776611 21.9558720588684 3.12631797790527 22.1620678901672 14.0063500404358 8.96229600906372 13.1326711177826 5.99066495895386 26.4872889518738 6.93009591102600 18.6326789855957 9.55871295928955 21.8971011638641
 49.6476271152496 52.5263350009918 6.74736309051514 18.2122030258179 31.8850760459900 37.8367400169373 21.2767159938812 27.2758171558380 56.9406800270081 32.4606890678406 30.4578030109406 63.8619501590729 48.2836549282074 40.0723509788513 29.0867960453033 44.9413878917694 47.3426198959351 19.3887369632721 37.6121780872345 39.0328960418701
 17.5154161453247 12.9112291336060 20.0996820926666 18.1673331260681 9.73102784156799 21.6611399650574 24.0697700977325 17.4004499912262 6.38717007637024 21.1986069679260 25.2757258415222 16.0055100917816 21.2175579071045 18.7810020446777 22.5146799087524 17.6606171131134 18.5927350521088 15.5308580398560 24.0353908538818 10.3291778564453
 37.7076930999756 35.7442898750305 22.0280799865723 29.8427050113678 29.3201520442963 28.5126879215240 43.6609179973602 30.1446869373322 44.5826311111450 40.2929749488831 36.3079099655151 40.8647480010986 29.2717227935791 9.50608706474304 30.2762961387634 36.4235019683838 32.7089200019836 21.3078858852386 41.5250470638275 13.7391037940979
 10.0456159114838 17.4143631458282 22.5083119869232 8.98239707946777 4.54653191566467 17.5533170700073 11.2762179374695 25.8179371356964 3.08213901519775 16.6099169254303 15.8879308700562 16.9987568855286 14.5443999767303 2.48632001876831 21.7205119132996 16.9631309509277 28.9267849922180 23.8866329193115 20.1466050148010 9.69837307929993
# name: experiments
# type: string
# elements: 7
# length: 7
CL1-CR1
# length: 7
CL1-CR2
# length: 7
CL2-CR1
# length: 7
CL1-CR4
# length: 7
CL4-CR1
# length: 7
CL1-CR3
# length: 7
CL3-CR1
# name: evaluations
# type: matrix
# rows: 7
# columns: 20
 11743.8000000000 10489.6000000000 17029.4000000001 17900.3000000000 12003.2000000000 9537.80000000000 12785.4000000000 6690.10000000000 14393.1000000000 12726.6000000000 5803.80000000001 9055.70000000000 17837.5000000000 8528.99999999999 21211.3000000000 7443.90000000000 11815.4000000000 15804.5000000000 15930.8000000000 18348.4000000000
 14386.8000000000 12910.1000000000 16124.1000000000 7182.10000000001 5488.90000000000 19828.5000000000 12804 9322.29999999999 6420.40000000000 18419.1000000000 8739.30000000000 6843.20000000000 5203.20000000000 13972.2000000000 9400.69999999998 11474.2000000000 17385.9000000000 6988.69999999999 7106.90000000000 16681.7000000000
 5230.50000000000 15907.7000000000 14244.6000000000 6685 14468.5000000000 6098.40000000000 19942.9000000000 16030.2000000000 20501 3485.60000000000 18520.3000000000 13533.2000000000 8850.50000000001 11919.4000000000 6085 24411.1000000000 6798.30000000000 16240.6000000000 7795.60000000000 20530.2000000000
 18141.4000000000 19311 3511.50000000000 7842.10000000000 12382.8000000000 14908 8415.79999999999 10848.7000000000 22151.3999999999 13337.4000000000 13510.2000000000 24481.6000000000 19136.5000000000 16553.3000000000 12608.3000000000 18192.7000000000 19701 7190 16144.6000000000 14652.4000000000
 22829.0000000000 20127 27426.4000000000 21983.4000000000 16213.8000000000 33699.5000000000 35225.0000000001 22907.7000000000 9308.20000000000 28418.7000000000 35774.6000000000 20986.8000000000 29178.8000000000 27328.5000000000 26799.1000000000 23110.1000000000 20505.1000000000 20526.8000000000 34518.2000000000 14589
 15162.4000000000 17947.3000000000 10134 12407 13632.2000000000 13223 17950.5000000000 14474 19609.6000000000 16339.3000000000 15608.2000000000 19588.1000000000 13165.2000000000 3827.30000000000 13165.1000000000 14591 14795.8000000001 9094.29999999998 16758.6000000000 5910.20000000000
 11834.1000000000 20456.5000000000 26239.9000000000 9766.50000000000 5421.50000000000 19488.8000000000 15778.9000000000 28573.1000000000 4064.90000000000 18294.4000000000 20512.8000000000 19107.9000000000 16506.1000000000 3345.40000000000 25080.9000000000 23243.4000000000 30373.3000000000 27600.8000000000 24990.6000000000 11231.2000000000
19.3140095472336 20.0916364192963 14.5579994916916 37.7244590520859 18.3800340890885 31.4926080703735 16.7865239381790 
19.3140095472336 20.0916364192963 14.5579994916916 37.7244590520859 18.3800340890885 31.4926080703735 16.7865239381790 
