# name: evaluations
# type: matrix
# rows: 9
# columns: 20
 27281.0000000001 12010.1000000000 14564.3000000000 19341 3421.30000000000 10040.8000000000 8189.10000000000 11622.4000000000 15159 14786.5000000000 11137.2000000000 23186.4000000000 12560.2000000000 20301.7000000001 17922.8000000000 16568.6000000000 14898.9000000000 17449.4000000000 19467.3000000000 14511.2000000000
 20444 11045.9000000000 15485 9421.99999999999 12809.5000000000 7630.70000000000 6394.99999999999 8158.70000000000 18950.4000000000 11996 13309.8000000000 16048.1000000000 14337.2000000000 8140.10000000001 19946.1000000000 11844.6000000000 18273.9000000000 16670.9000000001 17840.9000000000 9846.60000000001
 13853.9000000000 19475.2000000000 18712.8000000000 6396.30000000000 5591.30000000000 18416 8566.10000000000 14660.3000000000 13927.7000000000 2045.90000000000 10440.1000000000 4255.40000000000 11856.2000000000 14984.4000000000 17565.5000000000 20437 9681.90000000000 11889.4000000000 9240.10000000001 10850.5000000000
 15794.6000000000 21714.7000000000 10657.8000000000 15325.7000000000 10874.5000000000 12183.5000000000 15113.2000000000 15421.4000000000 8857.99999999998 3609.30000000000 12931.3000000000 11333.8000000000 16155.1000000000 8232.80000000000 11588.3000000000 19602.5000000000 21293.4000000000 19362.3000000000 17228.3000000000 13761.4000000000
 12288.6000000000 20601.8000000000 18678.8000000000 8620.40000000001 2228.10000000000 16511.5000000000 14050.3000000000 18187.5000000000 13052.7000000000 12296.4000000000 1873.10000000000 15549.8000000000 3325.09999999999 14347.3000000000 1549.20000000000 26885.9000000000 11202.6000000000 6875.90000000001 116 13437.5000000000
 11727 12332.8000000000 14234.9000000000 13301.6000000000 13961.5000000000 10659 11342.7000000000 12279.4000000000 10832.8000000000 13113.7000000000 6839.80000000000 16782.2000000000 13461.4000000000 12303.6000000000 13804.2000000000 15023.2000000000 8470.60000000000 5085.49999999999 11585.5000000000 8406.30000000000
 14802.8000000000 9529.50000000003 8220.89999999999 15247.1000000000 9606.50000000000 5591.80000000000 10382 19258 12490.7000000000 13537.4000000000 14570.3000000000 15593.3000000000 14703.5000000000 13759.7000000000 12730.8000000000 10449 16795.3000000000 12070.5000000000 17014.4999999999 7659.20000000000
 9862.50000000000 22912.3000000000 1539.90000000000 18584.7999999999 9647.50000000000 6617.10000000000 5800.10000000000 18399.1000000000 14346.9000000000 16429.6000000000 7346.90000000000 10442.9000000000 19419.3000000000 12367.6000000000 7966.40000000001 10187.5000000000 8233.80000000000 14337.6000000000 13367.8000000000 9471.20000000000
 18046 14231.9000000000 11898.1000000000 8383.30000000000 4614 12810.6000000000 11359.2000000000 14442.5000000000 15207.5000000000 12527 11650.6000000000 14414.6000000000 10305.6000000000 7594.50000000000 6891 11669.6000000000 9968.49999999999 15713.5000000000 9668.80000000000 7317.19999999999
