# Created by manolo on 2013.05.31_06.04.35 <manolo@pinwino2>
# name: runtime
# type: matrix
# rows: 9
# columns: 20
 41.2846300601959 18.0148899555206 21.2647290229797 29.1755859851837 5.35567903518677 15.2991609573364 10.6814188957214 18.8313021659851 21.7278721332550 21.9785621166229 16.7987709045410 33.0009319782257 19.1877210140228 29.6771030426025 24.8304860591888 23.1733939647675 20.5865700244904 28.4814479351044 30.1033809185028 23.6475129127502
 30.6499319076538 17.1859209537506 22.1314308643341 12.1221399307251 19.8215107917786 10.2019510269165 8.92843508720398 11.8648049831390 26.6259040832520 16.1792609691620 16.6265311241150 21.1202089786530 19.6453001499176 12.7313909530640 25.8813428878784 18.4891090393066 26.7636179924011 22.9816799163818 26.6675620079041 13.2109551429749
 20.6285300254822 28.6655790805817 23.7868049144745 9.20740604400635 7.47791695594788 23.4610900878906 12.0344951152802 19.0993750095367 21.2355351448059 3.37094187736511 16.1478428840637 5.97907495498657 16.7920629978180 21.6202700138092 22.8179349899292 25.2744898796082 15.9609570503235 16.4005410671234 13.2294750213623 15.0222828388214
 31.0858428478241 37.3425881862640 18.8596959114075 26.6230809688568 18.3145179748535 21.7715339660645 27.4317932128906 24.9407160282135 15.5570509433746 6.16070604324341 22.7606019973755 19.1748828887939 31.1762461662292 13.9733209609985 20.7562370300293 33.9081211090088 43.4704470634460 34.3666570186615 29.0900380611420 22.6386809349060
 19.7990710735321 32.6850309371948 28.3517339229584 14.2216520309448 3.54626107215881 28.7622311115265 20.4661772251129 27.8911700248718 21.7303340435028 17.9418141841888 2.99346804618835 25.9359488487244 5.06811499595642 21.0812709331512 2.48831510543823 38.4967389106750 19.6270051002502 10.1394548416138 0.548856019973755 21.3193790912628
 16.9633798599243 19.0371651649475 21.8821921348572 21.3794519901276 22.9412059783936 16.3943860530853 19.4628338813782 18.2193510532379 17.5445621013641 18.3419680595398 9.87025785446167 26.9348211288452 21.9692978858948 19.0147969722748 19.8492162227631 22.1106319427490 12.4212510585785 7.74687886238098 16.2529900074005 12.2820608615875
 42.1007988452911 25.8550851345062 21.4906539916992 41.5472931861877 24.7136101722717 13.5299110412598 26.7241408824921 59.3757908344269 35.8404159545898 38.1071879863739 38.6518418788910 48.4058101177216 38.4606339931488 42.1105539798737 34.9590780735016 29.1940760612488 47.1572921276093 32.9287309646606 48.9832229614258 23.8256320953369
 20.5078339576721 47.8977870941162 3.22224307060242 41.6393499374390 18.9590079784393 12.1945681571960 9.97479581832886 38.6293971538544 29.4500360488892 29.5982849597931 13.0135118961334 21.7746798992157 35.6774849891663 25.2037651538849 15.1980280876160 21.0694069862366 16.7994601726532 25.1617670059204 27.1267869472504 17.2076649665833
 31.3889331817627 23.3171839714050 20.5848290920258 13.4955589771271 7.47643899917603 21.4147579669952 19.2702169418335 25.3444950580597 27.9180550575256 22.4991898536682 19.9984190464020 24.6604321002960 16.7181961536407 14.1041891574860 13.5532939434052 19.0606598854065 16.6059138774872 27.8823170661926 16.9580569267273 13.7365851402283
