# Created by Octave 3.2.4, Wed Jun 12 13:47:51 2013 CEST <mge@miga>
# name: table_evaluations
# type: matrix
# rows: 9
# columns: 8
 0 0 0 0 0 0 0 0
 0.2559131501098184 0 0 0 0 0 0 0
 0.09352184948628173 0.4818673682837038 0 0 0 0 0 0
 0.5885063552717107 0.6263280630826087 0.2235075876592996 0 0 0 0 0
 0.09352184948628173 0.4818673682837038 0.8498180212406274 0.2792509453687377 0 0 0 0
 0.01383349891986319 0.2792509453687377 0.7867749320074033 0.09893159920140882 0.7660458933595256 0 0 0
 0.1045882628289556 0.7049097275727512 0.7454830184564079 0.2339662537301923 0.6263280630826087 0.3301542612343652 0 0
 0.03260148641743044 0.3577279701934128 0.725099894360143 0.1166700383670416 0.9353224500925261 0.7660458933595256 0.4017203290879254 0
 0.01017694450296025 0.1595446593778691 0.6456228047372299 0.05146207608338083 0.7454830184564079 0.725099894360143 0.2235075876592996 0.9784197833524485
# name: table_runtime
# type: matrix
# rows: 9
# columns: 8
 0 0 0 0 0 0 0 0
 0.1231088149584374 0 0 0 0 0 0 0
 0.02475803041360081 0.4017203290879254 0 0 0 0 0 0
 0.3720430601582415 0.02475803041360081 0.005333667447715462 0 0 0 0 0
 0.1677238422781651 1 0.6263280630826087 0.05829058013948885 0 0 0 0
 0.03260148641743044 0.6849253186565316 0.6072857658125612 0.005795918475717254 0.6651590382763763 0 0 0
 0.0002892837161722062 1.330278421707298e-05 2.517398557388972e-06 0.002677192960306773 5.566702833736947e-05 2.20392254901558e-06 0 0
 0.9568553503696526 0.2036026738013589 0.06197757443380503 0.4988805190741192 0.2447670956079582 0.1298217973765269 0.002448697370873942 0
 0.1850204964626581 0.5699997477501184 0.2339662537301923 0.0453162973446517 0.892413863968481 0.3301542612343652 1.700565678941501e-05 0.3577279701934128
