# name: evaluations
# type: matrix
# rows: 9
# columns: 20
 13403.5000000000 32306.3000000000 30749.8000000000 9176.80000000000 27675.5000000000 22341.4000000000 13379.6000000000 33672.7000000000 21415.5000000000 19840.9999999999 34685.7999999999 14195.4000000000 22915 30628.1000000000 18666.7000000000 12783.5000000000 32765.1999999999 10494.9000000000 22115.2000000000 20187.9000000000
 26400.1000000000 6076 24774.5000000000 24014.3000000000 10131 13959.6000000000 17431.9000000000 34427.2000000000 13603.8000000000 36225.6999999999 22597.5000000000 35318.9000000001 24384.8000000000 18531.1000000000 19659.8000000000 20468 21384.9000000000 23803.7000000000 1301.30000000000 27102.8000000000
 21491.7000000000 24467.1000000000 25777.2000000000 19729.6000000000 29160.1000000000 11480.8000000000 28178 14159.6000000000 16890.9000000000 13478.1000000000 13548.1000000000 24055.7000000000 19860.5000000000 13733.3000000001 4754.50000000000 18901.9000000000 21102.8000000000 42633.4999999999 22687.8000000000 24616.4000000000
 22010.1000000000 25717.1000000000 29656.6000000000 8350.40000000000 19771.8000000000 11716 6500.60000000000 26602.5000000000 34780 17016.9000000000 32110.2000000000 26807.9000000000 18393.3000000000 28888.1000000000 29343.7000000000 31364.9000000000 16029.3000000000 40906.7000000000 13921.7000000000 22591.1000000000
 49374.6000000000 16005.1000000000 12844.7000000000 49905.3000000000 30927.1000000000 31564.9000000000 11251.3000000000 8694.10000000000 8926.60000000000 25485.3000000000 18327.3000000000 18705.7000000000 21005.5000000000 22058.0000000000 17174.2000000000 23405.0000000000 5766.40000000000 11750.1000000000 38764.9000000000 27542.4000000000
 29155.9000000000 26934.8000000000 14337.7000000000 25485.1000000000 10258.9000000000 24347.7000000000 24879.1000000000 17537.4000000000 33719.4000000000 30947.6000000000 12165.1000000000 29878.4000000000 40650.2000000000 22808.1000000000 25500.8000000000 18633.3000000000 29458.3000000000 22618.5000000000 49992.9000000000 38042.7000000000
 21551.6000000000 23579.8000000000 27155.2000000000 43627.5000000000 27451.6000000000 15501.1000000000 52385.3000000000 13455.4000000000 35669.1000000000 25866.1000000000 9718.80000000000 37706.7000000000 24631.8000000000 24168.1000000000 19504.1000000000 30775.7000000000 34539.9000000000 12595.7000000000 5353.20000000000 49749
 20580.3000000000 22421.7000000000 39887.5000000000 44225.7000000000 46552.8000000000 27038.2000000000 41165.2000000000 31273.0000000000 46297.3000000000 13768.1000000000 25427.9000000000 40947.5000000000 30431.7000000000 37443.8000000000 40841.7000000000 40903.6000000000 38980.5000000000 30726.3000000000 20458.1000000000 33148.9000000000
 29900.5000000000 13756.5000000000 35284.8000000000 50221.4000000000 34478.5000000000 37397.3000000000 42457.9000000000 17942.2000000000 48861.5000000000 50103.3000000000 21648.3000000000 43089.4000000000 33461.9000000000 39955.4000000000 37025.7000000000 33720.0000000000 24448.3000000000 26325.2000000000 21477.6000000000 6546.30000000000
