# Created by manolo on 2013.06.11_19.40.01 <manolo@pinwino2>
# name: runtime
# type: matrix
# rows: 9
# columns: 20
 60.4902470111847 191.098619937897 182.783170938492 43.0960750579834 172.009770154953 171.699503898621 69.7476758956909 220.283722877502 114.866193056107 106.252302885056 146.818750858307 78.7865028381348 133.055989027023 219.958329916000 118.404243946075 114.676671028137 236.623283147812 75.3753578662872 135.942049980164 138.803689956665
 124.274702072144 14.7725989818573 105.958305120468 87.1410830020905 35.4286479949951 57.6843738555908 96.9830579757690 176.935109853745 34.7087800502777 135.078039169312 80.5645720958710 157.451486110687 74.7120749950409 80.3330981731415 85.0231668949127 82.5979499816895 90.1117360591888 100.229048967361 1.04864120483398 102.574105978012
 44.0162670612335 38.4846570491791 44.7977960109711 36.8716127872467 64.8599569797516 28.0203461647034 56.5175609588623 38.9974207878113 45.7746708393097 20.5104260444641 17.4491059780121 58.2633798122406 41.2674229145050 43.8055710792542 3.63347601890564 40.1014099121094 52.2138240337372 77.9823799133301 53.3042490482330 73.1167430877686
 69.5747871398926 100.408046960831 147.759927034378 25.2533240318298 104.871760129929 44.9525120258331 14.0737929344177 94.0854408740997 152.499489068985 57.6079728603363 148.545671939850 105.200322151184 118.010757923126 102.096613883972 173.669830083847 129.058681011200 91.4574220180511 117.657942056656 50.5924220085144 127.778152942657
 82.5248200893402 35.9160740375519 18.5829010009766 88.8191490173340 79.2322790622711 46.4752349853516 24.0885498523712 32.1219489574432 17.7406129837036 62.8227260112762 52.5387370586395 37.4248881340027 36.1815299987793 52.1958210468292 45.9407000541687 68.5460989475250 12.1093611717224 32.4484319686890 97.8954811096191 65.4459691047668
 43.1737029552460 26.5484151840210 33.7088470458984 38.2913398742676 19.6874930858612 45.9089398384094 28.5582849979401 26.7922449111938 36.7013127803802 42.0569210052490 16.4799499511719 41.8760280609131 62.4153609275818 31.9977250099182 50.6163821220398 19.7864921092987 47.9901130199432 29.2040419578552 56.1516549587250 31.8571381568909
 71.6192858219147 53.3494620323181 59.2707529067993 143.764868974686 67.1478071212769 40.8025748729706 84.0921170711517 14.3243341445923 104.222748994827 53.4632160663605 23.5597128868103 56.5827851295471 78.7950060367584 44.1170029640198 34.2551410198212 74.7491610050201 105.252444028854 16.4896049499512 7.52502799034119 91.2242419719696
 24.3831799030304 28.3907639980316 42.3262009620667 33.2676360607147 44.3772819042206 28.9491171836853 47.3136789798737 30.0813250541687 42.8441109657288 19.3371920585632 32.6665470600128 41.4185678958893 39.4442360401154 36.4185230731964 49.1015748977661 42.9210040569305 45.6834630966187 32.9987459182739 30.6442971229553 36.8456139564514
 79.3768670558929 17.2779259681702 75.8752470016479 111.023162841797 82.3818809986115 139.512904167175 157.439000844955 38.7212641239166 161.293159008026 132.383557081223 54.7052149772644 82.3540840148926 105.735457897186 66.8866901397705 73.8778638839722 79.0549979209900 59.9746658802032 51.1988899707794 78.4913299083710 6.68847298622131
# name: experiments
# type: string
# elements: 9
# length: 10
L1-CR1-RR1
# length: 10
L2-CR1-RR1
# length: 10
L2-CR1-RR2
# length: 10
L2-CR2-RR1
# length: 10
L4-CR1-RR1
# length: 10
L4-CR1-RR2
# length: 10
L4-CR2-RR1
# length: 10
L4-CR1-RR4
# length: 10
L4-CR4-RR1
# name: evaluations
# type: matrix
# rows: 9
# columns: 20
 13403.5000000000 32306.3000000000 30749.8000000000 9176.80000000000 27675.5000000000 22341.4000000000 13379.6000000000 33672.7000000000 21415.5000000000 19840.9999999999 34685.7999999999 14195.4000000000 22915 30628.1000000000 18666.7000000000 12783.5000000000 32765.1999999999 10494.9000000000 22115.2000000000 20187.9000000000
 26400.1000000000 6076 24774.5000000000 24014.3000000000 10131 13959.6000000000 17431.9000000000 34427.2000000000 13603.8000000000 36225.6999999999 22597.5000000000 35318.9000000001 24384.8000000000 18531.1000000000 19659.8000000000 20468 21384.9000000000 23803.7000000000 1301.30000000000 27102.8000000000
 21491.7000000000 24467.1000000000 25777.2000000000 19729.6000000000 29160.1000000000 11480.8000000000 28178 14159.6000000000 16890.9000000000 13478.1000000000 13548.1000000000 24055.7000000000 19860.5000000000 13733.3000000001 4754.50000000000 18901.9000000000 21102.8000000000 42633.4999999999 22687.8000000000 24616.4000000000
 22010.1000000000 25717.1000000000 29656.6000000000 8350.40000000000 19771.8000000000 11716 6500.60000000000 26602.5000000000 34780 17016.9000000000 32110.2000000000 26807.9000000000 18393.3000000000 28888.1000000000 29343.7000000000 31364.9000000000 16029.3000000000 40906.7000000000 13921.7000000000 22591.1000000000
 49374.6000000000 16005.1000000000 12844.7000000000 49905.3000000000 30927.1000000000 31564.9000000000 11251.3000000000 8694.10000000000 8926.60000000000 25485.3000000000 18327.3000000000 18705.7000000000 21005.5000000000 22058.0000000000 17174.2000000000 23405.0000000000 5766.40000000000 11750.1000000000 38764.9000000000 27542.4000000000
 29155.9000000000 26934.8000000000 14337.7000000000 25485.1000000000 10258.9000000000 24347.7000000000 24879.1000000000 17537.4000000000 33719.4000000000 30947.6000000000 12165.1000000000 29878.4000000000 40650.2000000000 22808.1000000000 25500.8000000000 18633.3000000000 29458.3000000000 22618.5000000000 49992.9000000000 38042.7000000000
 21551.6000000000 23579.8000000000 27155.2000000000 43627.5000000000 27451.6000000000 15501.1000000000 52385.3000000000 13455.4000000000 35669.1000000000 25866.1000000000 9718.80000000000 37706.7000000000 24631.8000000000 24168.1000000000 19504.1000000000 30775.7000000000 34539.9000000000 12595.7000000000 5353.20000000000 49749
 20580.3000000000 22421.7000000000 39887.5000000000 44225.7000000000 46552.8000000000 27038.2000000000 41165.2000000000 31273.0000000000 46297.3000000000 13768.1000000000 25427.9000000000 40947.5000000000 30431.7000000000 37443.8000000000 40841.7000000000 40903.6000000000 38980.5000000000 30726.3000000000 20458.1000000000 33148.9000000000
 29900.5000000000 13756.5000000000 35284.8000000000 50221.4000000000 34478.5000000000 37397.3000000000 42457.9000000000 17942.2000000000 48861.5000000000 50103.3000000000 21648.3000000000 43089.4000000000 33461.9000000000 39955.4000000000 37025.7000000000 33720.0000000000 24448.3000000000 26325.2000000000 21477.6000000000 6546.30000000000
# name: fitnesses
# type: matrix
# rows: 9
# columns: 20
 10 10 10 10 10 10 10 10 10 10 10 10 10 10 10 10 10 10 10 10
 10 10 10 10 10 10 10 10 10 10 10 10 10 10 10 10 10 10 10 10
 10 10 10 10 10 10 10 10 10 10 10 10 10 10 10 10 10 10 10 10
 10 10 10 10 10 10 10 10 10 10 10 10 10 10 10 10 10 10 10 10
 10 10 10 10 10 10 10 10 10 10 10 10 10 10 10 10 10 10 10 10
 10 10 10 10 10 10 10 10 10 10 10 10 10 10 10 10 10 10 10 10
 10 10 10 10 10 10 10 10 10 10 10 10 10 10 10 10 10 10 10 10
 10 10 10 10 10 10 10 10 10 10 10 10 10 10 10 10 10 10 10 10
 10 10 10 10 10 10 10 10 10 10 10 10 10 10 10 10 10 10 10 10
