# Created by manolo on 2013.06.11_08.52.42 <manolo@pinwino2>
# name: runtime
# type: matrix
# rows: 9
# columns: 20
 107.750177860260 158.611343145370 69.7145290374756 40.2635009288788 196.305556058884 225.870242118835 70.2815861701965 105.428958892822 246.976107120514 170.346099853516 198.918399095535 65.7678930759430 229.038033008575 160.571084976196 7.60160183906555 77.3963429927826 186.791923046112 208.949284076691 106.383822202682 10.2410268783569
 38.6450829505920 45.7967410087585 93.2197558879852 99.0779960155487 60.5066239833832 49.3632121086121 127.438017129898 149.634176969528 92.4392998218536 0.633659839630127 106.293437004089 33.0579838752747 102.874865055084 138.890466928482 43.4466221332550 38.8993780612946 89.9934229850769 98.8553748130798 79.1818020343781 74.2074730396271
 72.6695401668549 70.1418759822845 59.5398290157318 62.4928090572357 60.4202687740326 42.7495520114899 65.8211641311646 54.6736090183258 31.4418969154358 15.9901261329651 29.2586770057678 37.4976110458374 19.6128168106079 35.5915980339050 23.3612349033356 45.6197619438171 27.2257740497589 49.3601329326630 39.0960960388184 46.1913368701935
 32.2466039657593 108.717178821564 13.3737881183624 95.9462931156158 172.543246984482 60.9957239627838 106.128036975861 87.4665839672089 121.312877178192 18.1090619564056 139.158929109573 117.048675060272 83.2399110794067 93.1445140838623 70.8079910278320 137.438067197800 162.474647998810 48.7899708747864 58.9397079944611 129.940433979034
 68.9706768989563 63.9899551868439 21.6760079860687 53.8029739856720 86.1893157958984 57.1823129653931 63.5750730037689 48.3667700290680 72.5886139869690 45.7166299819946 15.2620830535889 85.3561680316925 51.8961660861969 49.6729099750519 74.5104651451111 51.4970021247864 25.4260318279266 42.2740900516510 67.8850758075714 66.9863431453705
 26.7100419998169 29.6188280582428 38.0870180130005 41.0965549945831 16.0548298358917 32.3245441913605 33.0962278842926 31.1316509246826 36.9179730415344 42.3389878273010 38.5995869636536 30.7694599628448 67.7976620197296 30.0277979373932 52.4312410354614 56.2622320652008 45.6399419307709 6.47852587699890 52.2109799385071 26.5450129508972
 98.8637840747833 87.6000280380249 23.7364211082458 24.3641691207886 92.8515980243683 48.3607850074768 87.0562980175018 42.5882060527802 37.8383228778839 91.7293748855591 65.3824341297150 85.8076431751251 65.7614660263062 87.0178837776184 54.9288811683655 38.2582058906555 90.7781648635864 30.5558581352234 26.8946480751038 42.2247629165649
 37.6018619537354 43.4124660491943 16.3461370468140 24.1816020011902 33.8438701629639 43.8886251449585 23.2206609249115 50.8161249160767 42.7836909294128 8.65503597259521 26.6243660449982 34.2655639648438 35.8343548774719 35.7750430107117 33.0645248889923 39.1888608932495 4.03567910194397 19.0996220111847 28.7070281505585 40.7585949897766
 94.6059439182281 58.6396670341492 121.427224159241 80.0635249614716 117.704015970230 87.7490279674530 44.3160538673401 123.967154979706 90.5943129062653 62.5512650012970 42.5681741237640 47.7577800750732 100.491075038910 61.4432988166809 98.0070939064026 87.4937620162964 90.4473152160645 102.756974935532 116.006852865219 44.4161920547485
