# name: evaluations
# type: matrix
# rows: 9
# columns: 20
 16681.4000000000 24942.8000000000 10616.8000000000 6821.50000000001 41679.0999999999 32007.1000000000 8739.80000000000 17296.1000000000 41733.6999999999 33705.5000000000 28819.6000000000 16529.8000000000 37047.7999999999 17871.2000000000 2099.60000000000 20847 36115.9999999999 30363.3000000000 14917.9000000000 2915.50000000000
 16492.5000000000 14283.4000000000 24605.5000000000 38471.6000000000 20840.7000000000 11205.2000000000 42470.0000000001 29642.3000000000 18262.5000000000 1555.50000000000 27688.2000000000 11486.4000000000 25309.4000000000 37649.9000000000 23291.7000000000 17626.4000000000 37557.4000000000 28293.3000000000 25265.4000000000 17320.5000000000
 41198.9000000000 24641.9000000000 23679.9000000000 23434.3000000000 33827.8000000000 19779.4000000000 27471.6000000000 33360.8000000000 26189.5000000000 9488.70000000000 14814.9000000000 26252 11765.2000000000 22678.1000000000 18414.7000000000 19540.7000000000 16089.4000000000 22435.7000000000 19418.6000000000 32116.3000000000
 8951.80000000000 33990.6000000000 4384.60000000000 23137.8000000000 40899.5000000001 17552.1000000000 29807.5000000000 28873.7000000000 26789.4000000000 4537.50000000000 39609.5000000000 41851.9000000000 25097.3000000000 18514.5000000000 13393.1000000000 35096.7000000000 45776.9000000000 19524.9000000000 25943.6000000000 31378.6000000000
 33132.5000000000 27239.0000000000 12448.8000000000 30326.1000000000 40091.4000000000 27891.9000000000 39294.1000000000 29176.4000000000 44821.6000000000 21158.1000000000 7230.40000000000 29103.1000000000 23267.6000000000 27555.2000000000 32507.3000000000 22990.9000000000 21603.4000000000 17303.3000000000 22130.8000000000 43067.1000000000
 30894.7000000000 16922.3000000000 44541.2000000000 29104.1000000000 18005.3000000000 44218.4000000000 22375.2000000000 25838.6000000000 35982.0000000000 28450.4000000000 33725.4000000000 23089.9000000000 47664.5000000000 25811.6000000000 38918.3000000000 43673.6000000000 42531.6000000000 7910.80000000000 43240.4000000000 16232.6000000000
 40918.1000000000 25958.8000000000 13598 16531.1000000000 27376.0000000000 19466.0000000000 33770.1000000000 17004.4000000000 15271.9000000000 36717.7000000000 32631.7000000000 35490.8000000000 29935.3000000000 49922.5000000000 22639.5000000000 20227.4000000000 40129.7000000000 20803.9000000000 18037.6000000000 29226.1000000000
 38853.2000000000 37811.0000000000 26056 25723.3000000000 37928.3000000000 49496.7000000000 19248.4000000000 49945.5000000000 48906.3000000000 9892.70000000000 24302 33324.5000000000 33558.9000000000 38330.9000000000 41174.5000000000 45016.9000000000 4950.80000000000 19205.5000000000 34841.0000000000 47579.2000000000
 32020.9000000000 37034.0000000000 43623.8000000000 24596.8000000000 31018.8000000000 40300.5000000000 18490.5000000000 26071.2000000000 35127.2000000000 38485.7000000000 23359.9000000000 22752.0000000000 37779.5000000000 22875.2000000000 37022.3000000000 32085.5000000000 33482.3000000000 42488.8000000000 52056.4000000000 22382.3000000000
