# Created by manolo on 2013.06.11_08.52.42 <manolo@pinwino2>
# name: runtime
# type: matrix
# rows: 9
# columns: 20
 107.750177860260 158.611343145370 69.7145290374756 40.2635009288788 196.305556058884 225.870242118835 70.2815861701965 105.428958892822 246.976107120514 170.346099853516 198.918399095535 65.7678930759430 229.038033008575 160.571084976196 7.60160183906555 77.3963429927826 186.791923046112 208.949284076691 106.383822202682 10.2410268783569
 38.6450829505920 45.7967410087585 93.2197558879852 99.0779960155487 60.5066239833832 49.3632121086121 127.438017129898 149.634176969528 92.4392998218536 0.633659839630127 106.293437004089 33.0579838752747 102.874865055084 138.890466928482 43.4466221332550 38.8993780612946 89.9934229850769 98.8553748130798 79.1818020343781 74.2074730396271
 72.6695401668549 70.1418759822845 59.5398290157318 62.4928090572357 60.4202687740326 42.7495520114899 65.8211641311646 54.6736090183258 31.4418969154358 15.9901261329651 29.2586770057678 37.4976110458374 19.6128168106079 35.5915980339050 23.3612349033356 45.6197619438171 27.2257740497589 49.3601329326630 39.0960960388184 46.1913368701935
 32.2466039657593 108.717178821564 13.3737881183624 95.9462931156158 172.543246984482 60.9957239627838 106.128036975861 87.4665839672089 121.312877178192 18.1090619564056 139.158929109573 117.048675060272 83.2399110794067 93.1445140838623 70.8079910278320 137.438067197800 162.474647998810 48.7899708747864 58.9397079944611 129.940433979034
 68.9706768989563 63.9899551868439 21.6760079860687 53.8029739856720 86.1893157958984 57.1823129653931 63.5750730037689 48.3667700290680 72.5886139869690 45.7166299819946 15.2620830535889 85.3561680316925 51.8961660861969 49.6729099750519 74.5104651451111 51.4970021247864 25.4260318279266 42.2740900516510 67.8850758075714 66.9863431453705
 26.7100419998169 29.6188280582428 38.0870180130005 41.0965549945831 16.0548298358917 32.3245441913605 33.0962278842926 31.1316509246826 36.9179730415344 42.3389878273010 38.5995869636536 30.7694599628448 67.7976620197296 30.0277979373932 52.4312410354614 56.2622320652008 45.6399419307709 6.47852587699890 52.2109799385071 26.5450129508972
 98.8637840747833 87.6000280380249 23.7364211082458 24.3641691207886 92.8515980243683 48.3607850074768 87.0562980175018 42.5882060527802 37.8383228778839 91.7293748855591 65.3824341297150 85.8076431751251 65.7614660263062 87.0178837776184 54.9288811683655 38.2582058906555 90.7781648635864 30.5558581352234 26.8946480751038 42.2247629165649
 37.6018619537354 43.4124660491943 16.3461370468140 24.1816020011902 33.8438701629639 43.8886251449585 23.2206609249115 50.8161249160767 42.7836909294128 8.65503597259521 26.6243660449982 34.2655639648438 35.8343548774719 35.7750430107117 33.0645248889923 39.1888608932495 4.03567910194397 19.0996220111847 28.7070281505585 40.7585949897766
 94.6059439182281 58.6396670341492 121.427224159241 80.0635249614716 117.704015970230 87.7490279674530 44.3160538673401 123.967154979706 90.5943129062653 62.5512650012970 42.5681741237640 47.7577800750732 100.491075038910 61.4432988166809 98.0070939064026 87.4937620162964 90.4473152160645 102.756974935532 116.006852865219 44.4161920547485
# name: experiments
# type: string
# elements: 9
# length: 10
L1-CR1-RR1
# length: 10
L2-CR1-RR1
# length: 10
L2-CR1-RR2
# length: 10
L2-CR2-RR1
# length: 10
L4-CR1-RR1
# length: 10
L4-CR1-RR2
# length: 10
L4-CR2-RR1
# length: 10
L4-CR1-RR4
# length: 10
L4-CR4-RR1
# name: evaluations
# type: matrix
# rows: 9
# columns: 20
 16681.4000000000 24942.8000000000 10616.8000000000 6821.50000000001 41679.0999999999 32007.1000000000 8739.80000000000 17296.1000000000 41733.6999999999 33705.5000000000 28819.6000000000 16529.8000000000 37047.7999999999 17871.2000000000 2099.60000000000 20847 36115.9999999999 30363.3000000000 14917.9000000000 2915.50000000000
 16492.5000000000 14283.4000000000 24605.5000000000 38471.6000000000 20840.7000000000 11205.2000000000 42470.0000000001 29642.3000000000 18262.5000000000 1555.50000000000 27688.2000000000 11486.4000000000 25309.4000000000 37649.9000000000 23291.7000000000 17626.4000000000 37557.4000000000 28293.3000000000 25265.4000000000 17320.5000000000
 41198.9000000000 24641.9000000000 23679.9000000000 23434.3000000000 33827.8000000000 19779.4000000000 27471.6000000000 33360.8000000000 26189.5000000000 9488.70000000000 14814.9000000000 26252 11765.2000000000 22678.1000000000 18414.7000000000 19540.7000000000 16089.4000000000 22435.7000000000 19418.6000000000 32116.3000000000
 8951.80000000000 33990.6000000000 4384.60000000000 23137.8000000000 40899.5000000001 17552.1000000000 29807.5000000000 28873.7000000000 26789.4000000000 4537.50000000000 39609.5000000000 41851.9000000000 25097.3000000000 18514.5000000000 13393.1000000000 35096.7000000000 45776.9000000000 19524.9000000000 25943.6000000000 31378.6000000000
 33132.5000000000 27239.0000000000 12448.8000000000 30326.1000000000 40091.4000000000 27891.9000000000 39294.1000000000 29176.4000000000 44821.6000000000 21158.1000000000 7230.40000000000 29103.1000000000 23267.6000000000 27555.2000000000 32507.3000000000 22990.9000000000 21603.4000000000 17303.3000000000 22130.8000000000 43067.1000000000
 30894.7000000000 16922.3000000000 44541.2000000000 29104.1000000000 18005.3000000000 44218.4000000000 22375.2000000000 25838.6000000000 35982.0000000000 28450.4000000000 33725.4000000000 23089.9000000000 47664.5000000000 25811.6000000000 38918.3000000000 43673.6000000000 42531.6000000000 7910.80000000000 43240.4000000000 16232.6000000000
 40918.1000000000 25958.8000000000 13598 16531.1000000000 27376.0000000000 19466.0000000000 33770.1000000000 17004.4000000000 15271.9000000000 36717.7000000000 32631.7000000000 35490.8000000000 29935.3000000000 49922.5000000000 22639.5000000000 20227.4000000000 40129.7000000000 20803.9000000000 18037.6000000000 29226.1000000000
 38853.2000000000 37811.0000000000 26056 25723.3000000000 37928.3000000000 49496.7000000000 19248.4000000000 49945.5000000000 48906.3000000000 9892.70000000000 24302 33324.5000000000 33558.9000000000 38330.9000000000 41174.5000000000 45016.9000000000 4950.80000000000 19205.5000000000 34841.0000000000 47579.2000000000
 32020.9000000000 37034.0000000000 43623.8000000000 24596.8000000000 31018.8000000000 40300.5000000000 18490.5000000000 26071.2000000000 35127.2000000000 38485.7000000000 23359.9000000000 22752.0000000000 37779.5000000000 22875.2000000000 37022.3000000000 32085.5000000000 33482.3000000000 42488.8000000000 52056.4000000000 22382.3000000000
# name: fitnesses
# type: matrix
# rows: 9
# columns: 20
 10 10 10 10 10 10 10 10 10 10 10 10 10 10 10 10 10 10 10 10
 10 10 10 10 10 10 10 10 10 10 10 10 10 10 10 10 10 10 10 10
 10 10 10 10 10 10 10 10 10 10 10 10 10 10 10 10 10 10 10 10
 10 10 10 10 10 10 10 10 10 10 10 10 10 10 10 10 10 10 10 10
 10 10 10 10 10 10 10 10 10 10 10 10 10 10 10 10 10 10 10 10
 10 10 10 10 10 10 10 10 10 10 10 10 10 10 10 10 10 10 10 10
 10 10 10 10 10 10 10 10 10 10 10 10 10 10 10 10 10 10 10 10
 10 10 10 10 10 10 10 10 10 10 10 10 10 10 10 10 10 10 10 10
 10 10 10 10 10 10 10 10 10 10 10 10 10 10 10 10 10 10 10 10
