# Created by manolo on 2013.06.19_20.41.18 <manolo@pinwino2>
# name: runtime
# type: matrix
# rows: 7
# columns: 20
 120.084982156754 120.227894067764 120.197392940521 120.132889032364 120.321285963058 120.282766819000 120.372824907303 120.214350938797 120.335183143616 120.313210964203 120.465790987015 120.451964855194 120.471429109573 119.718608856201 120.328738927841 120.198014974594 120.404248952866 120.290938854218 120.302997112274 119.881774187088
 120.201256990433 120.235541105270 120.227287054062 120.132245063782 120.584585905075 120.404202938080 120.248341083527 120.110054969788 120.162015914917 120.349726915359 120.440907955170 120.390004873276 120.332686901093 120.241537094116 120.309607028961 120.331766843796 120.567847967148 120.298443078995 120.380861043930 120.263447999954
 120.359730958939 120.360919952393 120.246314048767 120.139209032059 119.435109853745 120.213701009750 120.407778978348 120.191425085068 120.295409917831 120.467808961868 120.182074069977 120.388471126556 120.077816009521 120.297447919846 120.028392076492 120.172962903976 120.124155998230 120.373636960983 120.290559053421 120.205504894257
 120.274708032608 120.198832035065 120.288971900940 120.370406866074 120.359043121338 120.078397989273 120.175765991211 120.398223876953 120.268353939056 119.768559932709 120.239041090012 120.477702140808 120.200922012329 120.451054096222 120.098750829697 120.134932994843 119.844614982605 120.128755807877 119.941991090775 119.899389028549
 120.230065107346 120.210206031799 119.917607784271 120.594812870026 120.140356063843 120.342526912689 120.156591892242 120.374176025391 120.236577033997 120.321151018143 120.145623922348 120.293115854263 120.203289031982 120.173009872437 120.345569133759 120.230334043503 120.307251930237 120.737157106400 120.279126167297 120.254382133484
 120.107633829117 120.232261896133 120.126427888870 120.274335145950 120.282016038895 119.659672975540 120.074693918228 120.201215982437 120.295594930649 120.170267820358 120.322655916214 120.145622014999 120.243333816528 120.332296848297 120.349500894547 120.278726100922 120.234582901001 120.890658140182 120.280627965927 120.179320096970
 120.253906011581 120.477476119995 119.717051982880 120.060047149658 120.192624092102 120.324347972870 120.429696083069 120.098652124405 120.142228841782 120.285399913788 120.415987968445 120.336081981659 120.432970046997 120.258085966110 120.177796840668 120.102477073669 120.468983173370 120.376961946487 119.759778022766 120.301048994064
