# name: evaluations
# type: matrix
# rows: 7
# columns: 20
 33606.8333333334 39100.1041666667 40876.2500000000 27490.2291666667 39312.7083333334 33053.2500000000 37439.2083333333 37251.3333333333 35790.9583333334 29865.1250000000 39968.0208333332 42513.5625000000 36644.1250000000 39420.9583333333 37367.5416666667 33505.5000000000 37857.4166666666 44690.0416666666 34659.5625000000 38538.3333333334
 35772.2291666667 27728.1666666667 33402.7916666667 29065.9791666667 33916.6666666667 35110.6250000000 37793.4791666667 34371.1041666667 28544.3333333334 30251.0416666667 35514.1875000000 25972.6458333334 30813.2916666667 30609.4375000000 29551.0625000000 24850.7083333333 28300.7916666667 28538.2500000000 31640.7291666667 35507.6666666667
 25215.6250000000 28243.5000000000 25732.2500000000 37071.2708333333 22395.6666666667 25088.8125000000 33878.6666666667 26465.6041666667 26587.7083333334 29398.2916666667 24547.1458333333 24685.3333333333 27972.8541666667 24993.3125000000 32852.2916666666 21481.3125000000 31817.4583333333 25278.8125000000 27238.2708333333 28339.5625000000
 25385.3125000000 28153.8958333333 20400.5625000000 35427.1041666667 33391.8958333334 29424.1250000000 20479.1250000000 22496.3750000000 27439.3958333333 33729.0208333333 24249.8750000000 33489.7500000000 23932.6666666667 23144.7083333333 21243.9791666667 24886.0416666667 21481.0208333334 16132.5416666666 23337.6458333333 32955.5000000000
 25583.7916666667 21878.7500000000 21203.4791666667 24304.3125000000 22536.4791666667 21145.7291666667 31388.6250000000 15757.0416666666 21875.9583333334 18337.6458333333 19164.1666666667 22859.2708333334 18645.6041666667 16691.8958333333 19197.5208333334 21148.5000000000 18077.1250000000 17516.4583333333 18264.6666666667 27188.3125000001
 20599.8541666667 16731.4375000000 16686.0208333333 16838.4791666666 22475.7708333334 15373.9375000000 21601.4375000001 17305.9791666666 15193.4375000000 20013.3333333334 15157.7291666666 20720.9583333334 17967.5625000000 44658.2291666666 18594.5625000000 20795.1666666667 19305.3333333333 16788.5416666666 18639.5208333333 15540.7708333333
 32379.4791666667 31298.2083333333 30175.2500000000 26558.7083333334 29622.7916666667 22108.6041666667 27870.7500000000 19157.8541666667 22417.8958333334 23561.2291666667 26548.7916666667 24925.5000000000 24887.2291666667 30503.9166666667 23109.3750000000 29176.0208333334 36887.4583333333 23071.7500000000 32256.4375000000 22382.5000000000
