# name: fitnesses
# type: matrix
# rows: 7
# columns: 20
 177 158 166 147 167 158 165 151 161 171 167 164 165 163 165 161 169 171 163 166
 163 158 161 172 154 181 166 167 152 152 169 159 177 147 175 172 150 167 153 154
 158 154 164 184 171 170 169 155 175 161 173 168 146 171 174 178 165 182 167 172
 156 174 168 160 187 154 162 160 154 157 154 148 181 172 191 180 159 151 179 155
 178 179 152 184 150 153 147 145 156 147 152 150 173 160 149 159 175 171 153 162
 184 165 154 171 174 159 149 146 149 153 158 143 150 168 174 171 154 143 169 161
 145 171 168 181 150 162 159 152 157 156 165 171 146 155 164 177 166 162 171 177
