# Created by manolo on 2013.06.19_20.41.18 <manolo@pinwino2>
# name: runtime
# type: matrix
# rows: 7
# columns: 20
 120.084982156754 120.227894067764 120.197392940521 120.132889032364 120.321285963058 120.282766819000 120.372824907303 120.214350938797 120.335183143616 120.313210964203 120.465790987015 120.451964855194 120.471429109573 119.718608856201 120.328738927841 120.198014974594 120.404248952866 120.290938854218 120.302997112274 119.881774187088
 120.201256990433 120.235541105270 120.227287054062 120.132245063782 120.584585905075 120.404202938080 120.248341083527 120.110054969788 120.162015914917 120.349726915359 120.440907955170 120.390004873276 120.332686901093 120.241537094116 120.309607028961 120.331766843796 120.567847967148 120.298443078995 120.380861043930 120.263447999954
 120.359730958939 120.360919952393 120.246314048767 120.139209032059 119.435109853745 120.213701009750 120.407778978348 120.191425085068 120.295409917831 120.467808961868 120.182074069977 120.388471126556 120.077816009521 120.297447919846 120.028392076492 120.172962903976 120.124155998230 120.373636960983 120.290559053421 120.205504894257
 120.274708032608 120.198832035065 120.288971900940 120.370406866074 120.359043121338 120.078397989273 120.175765991211 120.398223876953 120.268353939056 119.768559932709 120.239041090012 120.477702140808 120.200922012329 120.451054096222 120.098750829697 120.134932994843 119.844614982605 120.128755807877 119.941991090775 119.899389028549
 120.230065107346 120.210206031799 119.917607784271 120.594812870026 120.140356063843 120.342526912689 120.156591892242 120.374176025391 120.236577033997 120.321151018143 120.145623922348 120.293115854263 120.203289031982 120.173009872437 120.345569133759 120.230334043503 120.307251930237 120.737157106400 120.279126167297 120.254382133484
 120.107633829117 120.232261896133 120.126427888870 120.274335145950 120.282016038895 119.659672975540 120.074693918228 120.201215982437 120.295594930649 120.170267820358 120.322655916214 120.145622014999 120.243333816528 120.332296848297 120.349500894547 120.278726100922 120.234582901001 120.890658140182 120.280627965927 120.179320096970
 120.253906011581 120.477476119995 119.717051982880 120.060047149658 120.192624092102 120.324347972870 120.429696083069 120.098652124405 120.142228841782 120.285399913788 120.415987968445 120.336081981659 120.432970046997 120.258085966110 120.177796840668 120.102477073669 120.468983173370 120.376961946487 119.759778022766 120.301048994064
# name: experiments
# type: string
# elements: 7
# length: 34
rule-length-3-trap-1.5-double-time
# length: 34
rule-length-4-trap-1.5-double-time
# length: 34
rule-length-5-trap-1.5-double-time
# length: 34
rule-length-6-trap-1.5-double-time
# length: 34
rule-length-7-trap-1.5-double-time
# length: 34
rule-length-8-trap-1.5-double-time
# length: 36
rule-length-3-8-trap-1.5-double-time
# name: evaluations
# type: matrix
# rows: 7
# columns: 20
 33606.8333333334 39100.1041666667 40876.2500000000 27490.2291666667 39312.7083333334 33053.2500000000 37439.2083333333 37251.3333333333 35790.9583333334 29865.1250000000 39968.0208333332 42513.5625000000 36644.1250000000 39420.9583333333 37367.5416666667 33505.5000000000 37857.4166666666 44690.0416666666 34659.5625000000 38538.3333333334
 35772.2291666667 27728.1666666667 33402.7916666667 29065.9791666667 33916.6666666667 35110.6250000000 37793.4791666667 34371.1041666667 28544.3333333334 30251.0416666667 35514.1875000000 25972.6458333334 30813.2916666667 30609.4375000000 29551.0625000000 24850.7083333333 28300.7916666667 28538.2500000000 31640.7291666667 35507.6666666667
 25215.6250000000 28243.5000000000 25732.2500000000 37071.2708333333 22395.6666666667 25088.8125000000 33878.6666666667 26465.6041666667 26587.7083333334 29398.2916666667 24547.1458333333 24685.3333333333 27972.8541666667 24993.3125000000 32852.2916666666 21481.3125000000 31817.4583333333 25278.8125000000 27238.2708333333 28339.5625000000
 25385.3125000000 28153.8958333333 20400.5625000000 35427.1041666667 33391.8958333334 29424.1250000000 20479.1250000000 22496.3750000000 27439.3958333333 33729.0208333333 24249.8750000000 33489.7500000000 23932.6666666667 23144.7083333333 21243.9791666667 24886.0416666667 21481.0208333334 16132.5416666666 23337.6458333333 32955.5000000000
 25583.7916666667 21878.7500000000 21203.4791666667 24304.3125000000 22536.4791666667 21145.7291666667 31388.6250000000 15757.0416666666 21875.9583333334 18337.6458333333 19164.1666666667 22859.2708333334 18645.6041666667 16691.8958333333 19197.5208333334 21148.5000000000 18077.1250000000 17516.4583333333 18264.6666666667 27188.3125000001
 20599.8541666667 16731.4375000000 16686.0208333333 16838.4791666666 22475.7708333334 15373.9375000000 21601.4375000001 17305.9791666666 15193.4375000000 20013.3333333334 15157.7291666666 20720.9583333334 17967.5625000000 44658.2291666666 18594.5625000000 20795.1666666667 19305.3333333333 16788.5416666666 18639.5208333333 15540.7708333333
 32379.4791666667 31298.2083333333 30175.2500000000 26558.7083333334 29622.7916666667 22108.6041666667 27870.7500000000 19157.8541666667 22417.8958333334 23561.2291666667 26548.7916666667 24925.5000000000 24887.2291666667 30503.9166666667 23109.3750000000 29176.0208333334 36887.4583333333 23071.7500000000 32256.4375000000 22382.5000000000
# name: fitnesses
# type: matrix
# rows: 7
# columns: 20
 177 158 166 147 167 158 165 151 161 171 167 164 165 163 165 161 169 171 163 166
 163 158 161 172 154 181 166 167 152 152 169 159 177 147 175 172 150 167 153 154
 158 154 164 184 171 170 169 155 175 161 173 168 146 171 174 178 165 182 167 172
 156 174 168 160 187 154 162 160 154 157 154 148 181 172 191 180 159 151 179 155
 178 179 152 184 150 153 147 145 156 147 152 150 173 160 149 159 175 171 153 162
 184 165 154 171 174 159 149 146 149 153 158 143 150 168 174 171 154 143 169 161
 145 171 168 181 150 162 159 152 157 156 165 171 146 155 164 177 166 162 171 177
