# name: evaluations
# type: matrix
# rows: 9
# columns: 20
 49080.6250000000 3984.75000000000 17207 8114.18750000000 10402.2500000000 9763.75000000000 18386.8750000000 11206.9375000000 47367.5625000000 1490.43750000000 6684.81250000000 21024.5000000000 8039.18750000000 10541.2500000000 31921.8125000000 27323 8915 41092.1875000000 4686.93750000000 66753.5000000000
 11342.8750000000 61629.6250000000 59146.8125000000 16304.8750000000 32188.5000000000 29843.7500000000 25009.5000000000 42314.8125000000 12744.5625000000 22870.3750000000 31391.1250000000 46362.4375000000 35189.6250000000 8795.62500000000 51064.4375000000 12870.5625000000 5568.87500000000 25440.3750000000 42352.5625000000 58106.2500000000
 20567.3750000000 16122.7500000000 12962.8125000000 21568.2500000000 21157.2500000000 44897.0625000000 24729.5000000000 3800.68750000000 33210.2500000000 23060.8125000000 24645.6875000000 22491 14989.1250000000 27288.5625000000 30054.5000000000 45865.5000000000 16171.3125000000 20440.5000000000 31160.8125000000 28745.5625000000
 34432.9375000000 36520.6250000000 28199.5000000000 22947.3750000000 41592.8125000000 7917.87500000000 40720.8125000000 7994.81250000000 19544.5000000000 17080.1875000000 11459.8125000000 31569.4375000000 26472.0625000000 24927 11335.7500000000 28016.2500000000 7740.56250000000 36176.5625000000 21559.6250000000 28627.5000000000
 15384.7500000000 13462.5625000000 14887.6875000000 52577 22274.3750000000 15160.3125000000 77527.3125000000 41226 52281.0625000000 32374.9375000000 20942.1250000000 20056.5625000000 12681.0625000000 25470.7500000000 31187.9375000000 3885.12500000000 19061.8750000000 31129.3750000000 37408.1250000000 55578.3750000000
 26619.7500000000 27023.0625000000 30306.6250000000 40217.2500000000 21791.3125000000 18536.7500000000 25217.5000000000 41759.4375000000 41247.5000000000 36834.8750000000 38545.1250000000 24606.0625000000 21410.6250000000 18683.3125000000 13229.3125000000 43672.8750000000 29673.6875000000 34343.8125000000 15866.9375000000 31511.3750000000
 31507.7500000000 43965.9375000000 44075.8125000000 43050.6250000000 42516.3750000000 11865.9375000000 43946.8125000000 30281.0625000000 10380.8125000000 43739.5625000000 19153.8750000000 51711.5625000000 17406.5000000000 18299.0625000000 16841.5000000000 42222.3125000000 51790.7500000000 39269.5625000000 42813.9375000000 40253.1250000000
 30108.2500000000 29660.9375000000 33177.6250000000 21714.2500000000 41937.2500000000 34101.6875000000 28098.9375000000 20472.9375000000 36507.4375000000 35044.8125000000 36341.4375000000 27160.0625000000 23661 14287.3125000000 21516.3125000000 8014.87500000000 21300.8750000000 7206.68750000000 29974.8750000000 32073.8125000000
 15576.6875000000 12126.2500000000 34323.4375000000 36750.3125000000 27397.3125000000 27107.0625000000 30980.6875000000 44476.3125000000 19778.5000000000 39179.2500000000 49019 12809.1875000000 23508.0625000000 25223.2500000000 12342.5625000000 46559.5000000000 40313.4375000000 37061.3750000000 37251.8750000000 26325.4375000000
