# Created by manolo on 2013.06.09_14.46.22 <manolo@pinwino2>
# name: runtime
# type: matrix
# rows: 9
# columns: 20
 215.950731992722 15.8228900432587 45.5584318637848 17.8638050556183 20.8625869750977 33.8449780941010 70.9518589973450 37.4302151203156 212.149334907532 4.17397689819336 17.9575550556183 72.6228950023651 21.1382651329041 27.4657459259033 136.930509805679 112.230417013168 29.8061521053314 149.762626886368 10.2624909877777 292.625120878220
 28.6385138034821 184.452852964401 167.027349948883 39.5403699874878 74.4381189346313 81.7828171253204 98.1255090236664 106.391172885895 31.3870170116425 49.7445490360260 91.9279670715332 140.009399890900 77.3772420883179 27.8623900413513 139.187964916229 30.5655729770660 12.0000541210175 84.0154700279236 129.332656860352 154.412909984589
 61.5214710235596 31.1662099361420 20.4003739356995 46.9100308418274 65.6238059997559 102.623437881470 67.4982039928436 3.88666820526123 92.6564290523529 60.2018949985504 62.0117840766907 64.2189681529999 41.4177889823914 67.2450699806213 77.8401288986206 149.760755777359 42.4825248718262 58.0725181102753 91.3171920776367 77.0714030265808
 123.436645984650 103.485457897186 129.487414836884 93.7370920181274 152.531602859497 32.8516190052032 197.431298017502 16.2268359661102 65.1193859577179 47.7427768707275 39.3718700408936 91.5270640850067 95.5965340137482 64.3636298179626 37.2370519638062 106.691873073578 10.8978669643402 78.0003929138184 40.8218779563904 125.915407896042
 24.1900990009308 16.1506061553955 23.2800428867340 75.9820899963379 33.5883080959320 29.2886369228363 146.751166105270 62.4926788806915 77.4730808734894 62.1076838970184 35.7707841396332 23.3479530811310 12.7039618492126 25.3432729244232 61.4700460433960 2.88655495643616 41.7505350112915 51.3742809295654 86.8686730861664 113.742602109909
 59.3365459442139 51.5619950294495 69.3517360687256 68.0574839115143 42.2958130836487 28.0922660827637 28.9540429115295 75.4895091056824 107.563288927078 63.7434520721436 65.6367440223694 37.3084640502930 36.0733880996704 29.1721110343933 12.9600689411163 85.4465799331665 72.6236088275909 62.8585779666901 19.9878189563751 52.4806048870087
 48.0569880008698 88.7010800838470 102.652547836304 85.6806988716125 66.9482388496399 15.7147579193115 75.5747039318085 56.8696470260620 26.1005649566650 98.0073809623718 45.7839457988739 77.0028510093689 30.9950239658356 31.2761149406433 27.1900510787964 104.362890958786 149.207663059235 89.8679039478302 125.768070936203 77.3952059745789
 57.2776589393616 36.6615021228790 46.3600859642029 43.9378988742828 83.7307980060577 65.8538439273834 42.8857309818268 41.3135271072388 82.7890141010284 89.8046989440918 56.7285609245300 57.1674849987030 40.8236289024353 22.7446451187134 34.8893680572510 13.1714360713959 43.8342270851135 9.51649713516235 46.0252490043640 53.0057201385498
 21.6972508430481 29.0184791088104 75.8096230030060 94.8408160209656 32.8177227973938 52.7246630191803 89.4416310787201 137.032676935196 46.9642050266266 151.546998977661 121.265932083130 16.0728318691254 62.6591439247131 51.9843468666077 11.3686590194702 100.128516912460 131.704362154007 99.2258410453796 92.2394058704376 59.4360210895538
# name: experiments
# type: string
# elements: 9
# length: 10
L1-CR1-RR1
# length: 10
L2-CR1-RR1
# length: 10
L2-CR1-RR2
# length: 10
L2-CR2-RR1
# length: 10
L4-CR1-RR1
# length: 10
L4-CR1-RR2
# length: 10
L4-CR2-RR1
# length: 10
L4-CR1-RR4
# length: 10
L4-CR4-RR1
# name: evaluations
# type: matrix
# rows: 9
# columns: 20
 49080.6250000000 3984.75000000000 17207 8114.18750000000 10402.2500000000 9763.75000000000 18386.8750000000 11206.9375000000 47367.5625000000 1490.43750000000 6684.81250000000 21024.5000000000 8039.18750000000 10541.2500000000 31921.8125000000 27323 8915 41092.1875000000 4686.93750000000 66753.5000000000
 11342.8750000000 61629.6250000000 59146.8125000000 16304.8750000000 32188.5000000000 29843.7500000000 25009.5000000000 42314.8125000000 12744.5625000000 22870.3750000000 31391.1250000000 46362.4375000000 35189.6250000000 8795.62500000000 51064.4375000000 12870.5625000000 5568.87500000000 25440.3750000000 42352.5625000000 58106.2500000000
 20567.3750000000 16122.7500000000 12962.8125000000 21568.2500000000 21157.2500000000 44897.0625000000 24729.5000000000 3800.68750000000 33210.2500000000 23060.8125000000 24645.6875000000 22491 14989.1250000000 27288.5625000000 30054.5000000000 45865.5000000000 16171.3125000000 20440.5000000000 31160.8125000000 28745.5625000000
 34432.9375000000 36520.6250000000 28199.5000000000 22947.3750000000 41592.8125000000 7917.87500000000 40720.8125000000 7994.81250000000 19544.5000000000 17080.1875000000 11459.8125000000 31569.4375000000 26472.0625000000 24927 11335.7500000000 28016.2500000000 7740.56250000000 36176.5625000000 21559.6250000000 28627.5000000000
 15384.7500000000 13462.5625000000 14887.6875000000 52577 22274.3750000000 15160.3125000000 77527.3125000000 41226 52281.0625000000 32374.9375000000 20942.1250000000 20056.5625000000 12681.0625000000 25470.7500000000 31187.9375000000 3885.12500000000 19061.8750000000 31129.3750000000 37408.1250000000 55578.3750000000
 26619.7500000000 27023.0625000000 30306.6250000000 40217.2500000000 21791.3125000000 18536.7500000000 25217.5000000000 41759.4375000000 41247.5000000000 36834.8750000000 38545.1250000000 24606.0625000000 21410.6250000000 18683.3125000000 13229.3125000000 43672.8750000000 29673.6875000000 34343.8125000000 15866.9375000000 31511.3750000000
 31507.7500000000 43965.9375000000 44075.8125000000 43050.6250000000 42516.3750000000 11865.9375000000 43946.8125000000 30281.0625000000 10380.8125000000 43739.5625000000 19153.8750000000 51711.5625000000 17406.5000000000 18299.0625000000 16841.5000000000 42222.3125000000 51790.7500000000 39269.5625000000 42813.9375000000 40253.1250000000
 30108.2500000000 29660.9375000000 33177.6250000000 21714.2500000000 41937.2500000000 34101.6875000000 28098.9375000000 20472.9375000000 36507.4375000000 35044.8125000000 36341.4375000000 27160.0625000000 23661 14287.3125000000 21516.3125000000 8014.87500000000 21300.8750000000 7206.68750000000 29974.8750000000 32073.8125000000
 15576.6875000000 12126.2500000000 34323.4375000000 36750.3125000000 27397.3125000000 27107.0625000000 30980.6875000000 44476.3125000000 19778.5000000000 39179.2500000000 49019 12809.1875000000 23508.0625000000 25223.2500000000 12342.5625000000 46559.5000000000 40313.4375000000 37061.3750000000 37251.8750000000 26325.4375000000
# name: fitnesses
# type: matrix
# rows: 9
# columns: 20
 64 64 64 64 64 64 64 64 64 64 64 64 64 64 64 64 64 64 64 64
 64 64 64 64 64 64 64 64 64 64 64 64 64 64 64 64 64 64 64 64
 64 64 64 64 64 64 64 64 64 64 64 64 64 64 64 64 64 64 64 64
 64 64 64 64 64 64 64 64 64 64 64 64 64 64 64 64 64 64 64 64
 64 64 64 64 64 64 64 64 64 64 64 64 64 64 64 64 64 64 64 64
 64 64 64 64 64 64 64 64 64 64 64 64 64 64 64 64 64 64 64 64
 64 64 64 64 64 64 64 64 64 64 64 64 64 64 64 64 64 64 64 64
 64 64 64 64 64 64 64 64 64 64 64 64 64 64 64 64 64 64 64 64
 64 64 64 64 64 64 64 64 64 64 64 64 64 64 64 64 64 64 64 64
