# Created by manolo on 2013.05.31_20.45.31 <manolo@pinwino2>
# name: runtime
# type: matrix
# rows: 7
# columns: 20
 14.1658580303192 7.00618410110474 8.36905813217163 11.9269950389862 6.48349595069885 4.87440586090088 6.63478899002075 14.4962699413300 9.96040201187134 10.5726690292358 12.9240930080414 3.52468895912170 2.94688200950623 11.3156321048737 11.7554960250854 8.61210107803345 22.0106649398804 17.6931540966034 7.88579297065735 8.36244201660156
 7.84061408042908 23.7953560352325 15.3069519996643 10.7513349056244 12.6772811412811 9.02608609199524 15.8892328739166 8.25500392913818 24.1245920658112 21.3535730838776 8.39299011230469 10.4683959484100 21.5820391178131 18.2189640998840 18.8706760406494 8.05515193939209 12.9887111186981 19.0763809680939 23.2077109813690 8.73461699485779
 8.54924392700195 3.94200491905212 16.8811120986938 13.3748199939728 15.2286951541901 10.8299870491028 17.5130031108856 16.6441948413849 13.7930400371552 19.4662570953369 9.65969705581665 14.8601739406586 14.1573569774628 18.3329601287842 22.6108000278473 14.7252140045166 9.41236495971680 20.8264920711517 2.72990393638611 11.6041319370270
 15.7709610462189 10.4033458232880 22.1885449886322 19.2768688201904 8.95697784423828 20.3900430202484 14.2897269725800 15.5005259513855 11.6633679866791 8.88194608688354 16.1441650390625 23.5217170715332 12.8240730762482 12.3378820419312 14.9063780307770 8.34863305091858 8.77753090858459 14.8148019313812 17.1796801090240 10.4145109653473
 13.7086141109467 20.0954802036285 14.6341550350189 16.6842978000641 13.8261771202087 10.4035339355469 23.2458841800690 8.21867704391479 10.3743770122528 13.2518291473389 10.3100979328156 11.6289439201355 14.8596410751343 22.8026118278503 15.2903192043304 18.2912909984589 8.93561506271362 15.7922000885010 17.6481521129608 20.2545950412750
 5.52717185020447 7.62206792831421 10.2495291233063 19.5670800209045 14.3920309543610 2.73976922035217 6.92278289794922 22.0108120441437 1.12243604660034 14.8075149059296 15.4735751152039 13.5488679409027 13.3696320056915 19.1921799182892 12.9103798866272 10.4776070117950 17.6312398910522 21.9419150352478 5.78604316711426 6.10162901878357
 11.9595570564270 9.37719893455505 8.76767301559448 11.3388938903809 27.1371340751648 4.30322599411011 18.1258871555328 18.8666071891785 12.6130750179291 13.0354220867157 17.7417538166046 8.62741303443909 13.2656118869781 13.0506079196930 18.2169101238251 3.39802885055542 9.29093599319458 6.52142596244812 17.6780350208282 10.7243659496307
