# name: evaluations
# type: matrix
# rows: 7
# columns: 20
 9104.62500000000 3956.25000000000 5498.75000000000 7564.31250000000 3737.12500000000 2533.62500000000 3425.93750000000 9543.12500000000 6336.06250000000 6568.06250000000 7012.75000000000 1919.43750000000 1311.81250000000 7114.25000000000 7904.18750000000 5088.06250000000 14861.1875000000 11399.3125000000 4211.81250000000 4839.31250000000
 4460.56250000000 12199.6875000000 8721.37500000000 5605 7124.25000000000 5600.18750000000 7889.18750000000 4447.50000000000 13676.1875000000 11492.1250000000 4169.31250000000 6410.31250000000 12514.7500000000 9769.81250000000 10243.4375000000 4397.37500000000 6849.81250000000 9506.50000000000 13489.8750000000 4681.18750000000
 8880.93750000000 3609.18750000000 15463.1250000000 12193.8750000000 13785.0625000000 10872.8750000000 14580.6250000000 16195.9375000000 13251.6250000000 17983.5000000000 9359.75000000000 12419.4375000000 12968.2500000000 17791.5625000000 20116.3750000000 13320.4375000000 10561.3750000000 17384.4375000000 2690.56250000000 10066
 7195.56250000000 4492.68750000000 11150.4375000000 9779.81250000000 4164.06250000000 8718.06250000000 7576.06250000000 7905.12500000000 6218.25000000000 3833.62500000000 7903.56250000000 11951.6250000000 5954.62500000000 6554.25000000000 7653.31250000000 4231.50000000000 4491.12500000000 6571.25000000000 7816.37500000000 5051.31250000000
 15905.6250000000 24639.2500000000 17610.3125000000 21198.0625000000 15580.1250000000 13109 28309.7500000000 10361.2500000000 14358.1250000000 18909.3125000000 11323.6875000000 16231 21495.6250000000 27390.3125000000 22498.8125000000 21410.1250000000 10743.3125000000 16912.8750000000 21247.9375000000 26674.5000000000
 2533.31250000000 3597.81250000000 4804.68750000000 9367.37500000000 5932.56250000000 988.375000000000 3337.68750000000 10018.1875000000 850.812500000000 7192.75000000000 8649.56250000000 6255 6335.56250000000 8663.56250000000 6570.06250000000 5175.43750000000 9599.62500000000 10775.6250000000 2997.25000000000 3111.87500000000
 14203.0625000000 11069.3750000000 8837.75000000000 12593.6250000000 28492.8125000000 6191 20552.9375000000 23190.8750000000 13781.2500000000 15916.8125000000 19930.9375000000 10906.7500000000 18090.4375000000 15849.2500000000 21014.4375000000 5129.56250000000 12754.8125000000 8068.62500000000 20840.0625000000 14609
