# name: evaluations
# type: matrix
# rows: 7
# columns: 20
 35259.3750000000 32868.6875000000 21728.1562500000 30327.2187500000 35583.7812500000 37567.4062500000 38447.0937500000 36800.8750000000 37154.2812500000 34877.4375000000 35057.0937500000 35357.0625000000 36914.1250000000 35928.9062500000 38165.8750000000 35346.1562500000 35370.1875000000 33092.8750000000 33466.3750000000 33956.5625000000
 21227 22999.9687500000 24163.0937500000 31990.9375000000 23379.4687500000 23191.6562500000 16649.7812500000 28936.0937500000 25982 17786.0312500000 21135.3437500000 16144.6875000000 15817.5625000000 20068.1562500000 23387.6875000000 25777 28227.2187500000 23713.8750000000 29879.0625000000 20940.0937500000
 9430.46875000000 27417.5625000000 14135.1562500000 18436.7187500000 12592.3125000000 23988.7500000000 15766.8437500000 20044.5000000000 25763.1562500000 10996.6250000000 21819.5937500000 17012.5937500000 18385.2500000000 18689.6875000000 22546.1875000000 14800.3437500000 12525.9687500000 13846.2500000000 13608.4687500000 26070.7500000000
 14034.8750000000 7085.87500000000 9997.75000000000 12537.3125000000 13630.4375000000 20326.3437500000 8376.46875000000 16601.3437500000 15705.7187500000 19436.0625000000 9666.75000000000 18282.5000000000 12711.1562500000 17057.8437500000 20942.4687500000 14403.4687500000 20028.0625000000 11852.2187500000 5216.96875000000 10622.9062500000
 10711.0625000000 9611.96875000000 16844 7956.56250000000 10256.7500000000 12555.2500000000 10628.5312500000 12876.7812500000 13233.0312500000 11975.4062500000 10226.8437500000 8932.75000000000 14900.3750000000 17352.3437500000 14765 21407.7187500000 13794.3437500000 6993.03125000000 24375.6875000000 10534.2187500000
 17466.3125000000 11955.4687500000 16342.7812500000 15099.0625000000 10916.3750000000 13607.9062500000 5990.53125000000 9231.25000000000 23970.8437500000 28086.9375000000 9372.15625000000 11274.8437500000 24653.4375000000 13944.6875000000 11783.1562500000 11931.0937500000 12321.8750000000 24941.1875000000 14351.1250000000 13942.4062500000
 12709.8125000000 15412 9924.37500000000 23176.5625000000 18402.5625000000 13598.7187500000 22032.6562500000 19466.2187500000 18921.0625000000 21377.4062500000 19650.5000000000 21889.9062500000 18504.3437500000 24173 20474.6875000000 16943.1562500000 19436.0937500000 17682.6875000000 20705.5000000000 18261.1250000000
