# Created by manolo on 2013.06.05_03.03.47 <manolo@pinwino2>
# name: runtime
# type: matrix
# rows: 7
# columns: 20
 60.0767791271210 60.4714970588684 60.1652250289917 60.0970962047577 60.2581608295441 60.1263518333435 60.0435249805450 60.3987479209900 60.2996919155121 60.1900861263275 60.1234769821167 60.1435041427612 60.0931360721588 60.1730370521545 60.1507070064545 60.0915060043335 60.1842908859253 60.1324040889740 60.6742107868195 60.1125888824463
 41.3512799739838 39.5259308815002 43.8953921794891 60.0677709579468 42.5537910461426 44.1009871959686 26.2448651790619 54.7431619167328 45.1225328445435 35.3426709175110 41.2885470390320 30.0400397777557 32.6791529655457 34.7096619606018 44.8810751438141 47.1541619300842 46.7135570049286 40.5185279846191 48.4446089267731 39.5830500125885
 20.5545310974121 58.2976069450378 27.8037841320038 43.5076529979706 26.0916650295258 48.2599120140076 37.9178340435028 35.6295270919800 49.5634298324585 25.0216860771179 48.8693230152130 34.5252060890198 42.3043458461761 35.8441090583801 40.8921730518341 32.0105559825897 27.2185699939728 29.1665089130402 31.1494240760803 48.0223870277405
 41.7740719318390 18.6813049316406 25.8050270080566 28.8307151794434 32.8908801078796 36.9736061096191 23.7370738983154 38.0267679691315 39.7966578006744 41.2051050662994 24.8213338851929 38.8567860126495 30.3508498668671 44.0199260711670 46.1987130641937 29.9200639724731 48.2329099178314 26.7454988956451 15.1208250522614 27.0341861248016
 32.3748750686646 28.6475291252136 44.6764421463013 26.7366719245911 28.7182180881500 34.4266059398651 32.4009001255035 38.1606459617615 40.8012130260468 28.4146220684052 28.5005650520325 22.8450031280518 36.8951108455658 44.5112950801849 35.7894930839539 52.7671661376953 38.0299391746521 23.2355790138245 51.7298779487610 27.6300551891327
 44.0204880237579 29.4212679862976 42.8056838512421 40.8493671417236 36.0774359703064 43.4169969558716 22.8304111957550 29.3867769241333 57.9707999229431 60.1048641204834 33.1084887981415 31.3524689674377 48.6189579963684 32.1856241226196 40.2382600307465 36.5026471614838 28.0971169471741 60.2022888660431 44.4528670310974 37.0547919273376
 27.9646770954132 37.2288248538971 20.9519331455231 47.2881910800934 34.8246190547943 29.4627861976624 44.8876991271973 38.7810769081116 38.3366560935974 38.7353038787842 38.0523519515991 42.9784920215607 40.6332988739014 50.3331170082092 45.4847011566162 32.3119580745697 35.9514398574829 35.6950130462646 39.0506098270416 41.5061941146851
