# Created by manolo on 2013.06.05_03.03.47 <manolo@pinwino2>
# name: runtime
# type: matrix
# rows: 7
# columns: 20
 60.0767791271210 60.4714970588684 60.1652250289917 60.0970962047577 60.2581608295441 60.1263518333435 60.0435249805450 60.3987479209900 60.2996919155121 60.1900861263275 60.1234769821167 60.1435041427612 60.0931360721588 60.1730370521545 60.1507070064545 60.0915060043335 60.1842908859253 60.1324040889740 60.6742107868195 60.1125888824463
 41.3512799739838 39.5259308815002 43.8953921794891 60.0677709579468 42.5537910461426 44.1009871959686 26.2448651790619 54.7431619167328 45.1225328445435 35.3426709175110 41.2885470390320 30.0400397777557 32.6791529655457 34.7096619606018 44.8810751438141 47.1541619300842 46.7135570049286 40.5185279846191 48.4446089267731 39.5830500125885
 20.5545310974121 58.2976069450378 27.8037841320038 43.5076529979706 26.0916650295258 48.2599120140076 37.9178340435028 35.6295270919800 49.5634298324585 25.0216860771179 48.8693230152130 34.5252060890198 42.3043458461761 35.8441090583801 40.8921730518341 32.0105559825897 27.2185699939728 29.1665089130402 31.1494240760803 48.0223870277405
 41.7740719318390 18.6813049316406 25.8050270080566 28.8307151794434 32.8908801078796 36.9736061096191 23.7370738983154 38.0267679691315 39.7966578006744 41.2051050662994 24.8213338851929 38.8567860126495 30.3508498668671 44.0199260711670 46.1987130641937 29.9200639724731 48.2329099178314 26.7454988956451 15.1208250522614 27.0341861248016
 32.3748750686646 28.6475291252136 44.6764421463013 26.7366719245911 28.7182180881500 34.4266059398651 32.4009001255035 38.1606459617615 40.8012130260468 28.4146220684052 28.5005650520325 22.8450031280518 36.8951108455658 44.5112950801849 35.7894930839539 52.7671661376953 38.0299391746521 23.2355790138245 51.7298779487610 27.6300551891327
 44.0204880237579 29.4212679862976 42.8056838512421 40.8493671417236 36.0774359703064 43.4169969558716 22.8304111957550 29.3867769241333 57.9707999229431 60.1048641204834 33.1084887981415 31.3524689674377 48.6189579963684 32.1856241226196 40.2382600307465 36.5026471614838 28.0971169471741 60.2022888660431 44.4528670310974 37.0547919273376
 27.9646770954132 37.2288248538971 20.9519331455231 47.2881910800934 34.8246190547943 29.4627861976624 44.8876991271973 38.7810769081116 38.3366560935974 38.7353038787842 38.0523519515991 42.9784920215607 40.6332988739014 50.3331170082092 45.4847011566162 32.3119580745697 35.9514398574829 35.6950130462646 39.0506098270416 41.5061941146851
# name: experiments
# type: string
# elements: 7
# length: 1
3
# length: 1
4
# length: 1
5
# length: 1
6
# length: 1
7
# length: 1
8
# length: 3
3-8
# name: evaluations
# type: matrix
# rows: 7
# columns: 20
 35259.3750000000 32868.6875000000 21728.1562500000 30327.2187500000 35583.7812500000 37567.4062500000 38447.0937500000 36800.8750000000 37154.2812500000 34877.4375000000 35057.0937500000 35357.0625000000 36914.1250000000 35928.9062500000 38165.8750000000 35346.1562500000 35370.1875000000 33092.8750000000 33466.3750000000 33956.5625000000
 21227 22999.9687500000 24163.0937500000 31990.9375000000 23379.4687500000 23191.6562500000 16649.7812500000 28936.0937500000 25982 17786.0312500000 21135.3437500000 16144.6875000000 15817.5625000000 20068.1562500000 23387.6875000000 25777 28227.2187500000 23713.8750000000 29879.0625000000 20940.0937500000
 9430.46875000000 27417.5625000000 14135.1562500000 18436.7187500000 12592.3125000000 23988.7500000000 15766.8437500000 20044.5000000000 25763.1562500000 10996.6250000000 21819.5937500000 17012.5937500000 18385.2500000000 18689.6875000000 22546.1875000000 14800.3437500000 12525.9687500000 13846.2500000000 13608.4687500000 26070.7500000000
 14034.8750000000 7085.87500000000 9997.75000000000 12537.3125000000 13630.4375000000 20326.3437500000 8376.46875000000 16601.3437500000 15705.7187500000 19436.0625000000 9666.75000000000 18282.5000000000 12711.1562500000 17057.8437500000 20942.4687500000 14403.4687500000 20028.0625000000 11852.2187500000 5216.96875000000 10622.9062500000
 10711.0625000000 9611.96875000000 16844 7956.56250000000 10256.7500000000 12555.2500000000 10628.5312500000 12876.7812500000 13233.0312500000 11975.4062500000 10226.8437500000 8932.75000000000 14900.3750000000 17352.3437500000 14765 21407.7187500000 13794.3437500000 6993.03125000000 24375.6875000000 10534.2187500000
 17466.3125000000 11955.4687500000 16342.7812500000 15099.0625000000 10916.3750000000 13607.9062500000 5990.53125000000 9231.25000000000 23970.8437500000 28086.9375000000 9372.15625000000 11274.8437500000 24653.4375000000 13944.6875000000 11783.1562500000 11931.0937500000 12321.8750000000 24941.1875000000 14351.1250000000 13942.4062500000
 12709.8125000000 15412 9924.37500000000 23176.5625000000 18402.5625000000 13598.7187500000 22032.6562500000 19466.2187500000 18921.0625000000 21377.4062500000 19650.5000000000 21889.9062500000 18504.3437500000 24173 20474.6875000000 16943.1562500000 19436.0937500000 17682.6875000000 20705.5000000000 18261.1250000000
# name: fitnesses
# type: matrix
# rows: 7
# columns: 20
 125 123 121 123 125 121 124 126 123 122 125 125 125 124 124 119 124 125 122 122
 128 128 128 126 128 128 128 128 128 128 128 128 128 128 128 128 128 128 128 128
 128 128 128 128 128 128 128 128 128 128 128 128 128 128 128 128 128 128 128 128
 128 128 128 128 128 128 128 128 128 128 128 128 128 128 128 128 128 128 128 128
 128 128 128 128 128 128 128 128 128 128 128 128 128 128 128 128 128 128 128 128
 128 128 128 128 128 128 128 128 128 112 128 128 128 128 128 128 128 115 128 128
 128 128 128 128 128 128 128 128 128 128 128 128 128 128 128 128 128 128 128 128
