# name: evaluations
# type: matrix
# rows: 7
# columns: 20
 4109.06250000000 4405.12500000000 5463.56250000000 7541.12500000000 1222 3807.87500000000 6258.56250000000 5754.12500000000 6967.50000000000 5095.93750000000 5589.93750000000 1432.75000000000 1545.50000000000 5073.68750000000 8846.12500000000 7670.12500000000 1207.12500000000 8278.31250000000 4084.75000000000 10297.2500000000
 8397.56250000000 4078.37500000000 5373.37500000000 2425.81250000000 3348.62500000000 5930.62500000000 5711.43750000000 3756.06250000000 8019.50000000000 5909 10079.2500000000 2871.81250000000 4296.62500000000 5061.25000000000 9633.62500000000 3909.87500000000 2482.06250000000 5665.62500000000 6415.62500000000 5727.93750000000
 4793.37500000000 9928.37500000000 4786.31250000000 6561.25000000000 2894.31250000000 15678.8125000000 6964.43750000000 7873.25000000000 6972.87500000000 9496.50000000000 7491.50000000000 9573.62500000000 6981.18750000000 9418.31250000000 4125.75000000000 12741.5625000000 11513.9375000000 7988.25000000000 4640.93750000000 7255.87500000000
 8761.06250000000 9271.18750000000 6249.68750000000 2368.93750000000 7052.87500000000 9407.68750000000 9677.81250000000 10350.1875000000 5206.62500000000 7672.12500000000 6405.25000000000 11840.1875000000 1576.87500000000 7944.75000000000 6815.56250000000 5018.37500000000 5785.68750000000 2592.50000000000 1671.18750000000 8894.06250000000
 15878.1875000000 25064.6875000000 22078.1875000000 14065 15346.2500000000 14863.1875000000 9536.43750000000 9053 16596.5625000000 4767.62500000000 10326.8750000000 9483.50000000000 10965.7500000000 13935.3125000000 3768.75000000000 7256.93750000000 14368.5000000000 18672.6875000000 15684.5000000000 15423.0625000000
 5483.56250000000 4931.06250000000 7834.06250000000 4759.06250000000 3287.62500000000 9239.75000000000 3924.18750000000 14003.3750000000 6549.31250000000 10863.4375000000 8326.87500000000 10118.1875000000 6549.37500000000 13911.9375000000 4457.25000000000 9443.18750000000 2806.56250000000 9056.62500000000 5965.18750000000 7158.37500000000
 1938.37500000000 13273.4375000000 16379.5625000000 11766.1250000000 12065.7500000000 14294.6250000000 9316.43750000000 17446.5625000000 15926.6875000000 15628.7500000000 9187.68750000000 16328.2500000000 10202.6875000000 7434.12500000000 6680.68750000000 16182.1250000000 6310.93750000000 2177.37500000000 14331.5000000000 13342.9375000000
