# Created by manolo on 2013.06.01_03.04.46 <manolo@pinwino2>
# name: runtime
# type: matrix
# rows: 7
# columns: 20
 9.44801306724548 9.10852599143982 10.4504442214966 13.4539849758148 2.81737303733826 6.99477100372314 13.3289148807526 11.1509130001068 12.4715781211853 9.14906907081604 9.43560409545898 2.94871687889099 3.48843002319336 9.69780921936035 13.5016779899597 13.3738300800323 3.09297394752502 18.4210138320923 7.75654816627502 15.5721888542175
 18.2284619808197 8.36882710456848 11.8615550994873 6.19192600250244 6.16048812866211 12.5521149635315 13.0254309177399 7.35259819030762 17.0030200481415 12.3856291770935 20.1688020229340 6.72806096076965 8.54376006126404 11.7526161670685 21.6048059463501 8.92911291122437 5.75351309776306 11.5437710285187 14.1828289031982 12.9196159839630
 4.95247793197632 11.5532000064850 6.31111097335815 7.88567519187927 3.42360806465149 20.2903959751129 8.56333589553833 8.84677195549011 8.34546613693237 12.0136389732361 8.45284700393677 10.7803459167480 8.58275008201599 13.0120720863342 3.40820002555847 14.9776158332825 12.6201508045197 10.3985829353333 5.51836895942688 9.16733980178833
 25.9953289031982 21.3092210292816 16.7769961357117 3.32491993904114 21.5093331336975 23.7115299701691 23.9275999069214 29.9485430717468 12.0188188552856 22.3742771148682 16.8939001560211 30.4644460678101 4.15860891342163 21.7134189605713 20.6509418487549 10.5921268463135 13.7563271522522 4.69076681137085 3.59283494949341 22.9841630458832
 14.1388790607452 19.5552041530609 18.7510631084442 13.2503468990326 11.9939599037170 12.6893610954285 7.78321790695190 8.10516905784607 15.2536771297455 3.37756705284119 10.7180678844452 10.1129159927368 10.8948869705200 13.2159578800201 2.46204900741577 5.01855301856995 11.4730281829834 16.5341601371765 14.1373138427734 14.2387809753418
 14.8248388767242 12.1238589286804 22.8753559589386 10.4332718849182 9.39096999168396 19.8358418941498 7.14283013343811 32.8291292190552 16.7054080963135 26.7260560989380 21.6548659801483 24.8313159942627 14.9398839473724 32.7694611549377 8.79183578491211 24.8088209629059 6.88542604446411 20.6045460700989 14.9915440082550 17.1765809059143
 1.52196002006531 12.2924358844757 15.8043909072876 11.4241280555725 11.6065289974213 11.9140629768372 8.59396004676819 19.2614469528198 14.0997958183289 15.1256217956543 9.08688116073608 15.9453549385071 10.7806990146637 6.92736911773682 5.81461000442505 16.6701941490173 4.67334699630737 1.91780281066895 12.9766280651093 11.3381049633026
