# Created by manolo on 2013.06.01_03.04.46 <manolo@pinwino2>
# name: runtime
# type: matrix
# rows: 7
# columns: 20
 9.44801306724548 9.10852599143982 10.4504442214966 13.4539849758148 2.81737303733826 6.99477100372314 13.3289148807526 11.1509130001068 12.4715781211853 9.14906907081604 9.43560409545898 2.94871687889099 3.48843002319336 9.69780921936035 13.5016779899597 13.3738300800323 3.09297394752502 18.4210138320923 7.75654816627502 15.5721888542175
 18.2284619808197 8.36882710456848 11.8615550994873 6.19192600250244 6.16048812866211 12.5521149635315 13.0254309177399 7.35259819030762 17.0030200481415 12.3856291770935 20.1688020229340 6.72806096076965 8.54376006126404 11.7526161670685 21.6048059463501 8.92911291122437 5.75351309776306 11.5437710285187 14.1828289031982 12.9196159839630
 4.95247793197632 11.5532000064850 6.31111097335815 7.88567519187927 3.42360806465149 20.2903959751129 8.56333589553833 8.84677195549011 8.34546613693237 12.0136389732361 8.45284700393677 10.7803459167480 8.58275008201599 13.0120720863342 3.40820002555847 14.9776158332825 12.6201508045197 10.3985829353333 5.51836895942688 9.16733980178833
 25.9953289031982 21.3092210292816 16.7769961357117 3.32491993904114 21.5093331336975 23.7115299701691 23.9275999069214 29.9485430717468 12.0188188552856 22.3742771148682 16.8939001560211 30.4644460678101 4.15860891342163 21.7134189605713 20.6509418487549 10.5921268463135 13.7563271522522 4.69076681137085 3.59283494949341 22.9841630458832
 14.1388790607452 19.5552041530609 18.7510631084442 13.2503468990326 11.9939599037170 12.6893610954285 7.78321790695190 8.10516905784607 15.2536771297455 3.37756705284119 10.7180678844452 10.1129159927368 10.8948869705200 13.2159578800201 2.46204900741577 5.01855301856995 11.4730281829834 16.5341601371765 14.1373138427734 14.2387809753418
 14.8248388767242 12.1238589286804 22.8753559589386 10.4332718849182 9.39096999168396 19.8358418941498 7.14283013343811 32.8291292190552 16.7054080963135 26.7260560989380 21.6548659801483 24.8313159942627 14.9398839473724 32.7694611549377 8.79183578491211 24.8088209629059 6.88542604446411 20.6045460700989 14.9915440082550 17.1765809059143
 1.52196002006531 12.2924358844757 15.8043909072876 11.4241280555725 11.6065289974213 11.9140629768372 8.59396004676819 19.2614469528198 14.0997958183289 15.1256217956543 9.08688116073608 15.9453549385071 10.7806990146637 6.92736911773682 5.81461000442505 16.6701941490173 4.67334699630737 1.91780281066895 12.9766280651093 11.3381049633026
# name: experiments
# type: string
# elements: 7
# length: 7
CL1-CR1
# length: 7
CL1-CR2
# length: 7
CL2-CR1
# length: 7
CL1-CR4
# length: 7
CL4-CR1
# length: 7
CL1-CR3
# length: 7
CL3-CR1
# name: evaluations
# type: matrix
# rows: 7
# columns: 20
 4109.06250000000 4405.12500000000 5463.56250000000 7541.12500000000 1222 3807.87500000000 6258.56250000000 5754.12500000000 6967.50000000000 5095.93750000000 5589.93750000000 1432.75000000000 1545.50000000000 5073.68750000000 8846.12500000000 7670.12500000000 1207.12500000000 8278.31250000000 4084.75000000000 10297.2500000000
 8397.56250000000 4078.37500000000 5373.37500000000 2425.81250000000 3348.62500000000 5930.62500000000 5711.43750000000 3756.06250000000 8019.50000000000 5909 10079.2500000000 2871.81250000000 4296.62500000000 5061.25000000000 9633.62500000000 3909.87500000000 2482.06250000000 5665.62500000000 6415.62500000000 5727.93750000000
 4793.37500000000 9928.37500000000 4786.31250000000 6561.25000000000 2894.31250000000 15678.8125000000 6964.43750000000 7873.25000000000 6972.87500000000 9496.50000000000 7491.50000000000 9573.62500000000 6981.18750000000 9418.31250000000 4125.75000000000 12741.5625000000 11513.9375000000 7988.25000000000 4640.93750000000 7255.87500000000
 8761.06250000000 9271.18750000000 6249.68750000000 2368.93750000000 7052.87500000000 9407.68750000000 9677.81250000000 10350.1875000000 5206.62500000000 7672.12500000000 6405.25000000000 11840.1875000000 1576.87500000000 7944.75000000000 6815.56250000000 5018.37500000000 5785.68750000000 2592.50000000000 1671.18750000000 8894.06250000000
 15878.1875000000 25064.6875000000 22078.1875000000 14065 15346.2500000000 14863.1875000000 9536.43750000000 9053 16596.5625000000 4767.62500000000 10326.8750000000 9483.50000000000 10965.7500000000 13935.3125000000 3768.75000000000 7256.93750000000 14368.5000000000 18672.6875000000 15684.5000000000 15423.0625000000
 5483.56250000000 4931.06250000000 7834.06250000000 4759.06250000000 3287.62500000000 9239.75000000000 3924.18750000000 14003.3750000000 6549.31250000000 10863.4375000000 8326.87500000000 10118.1875000000 6549.37500000000 13911.9375000000 4457.25000000000 9443.18750000000 2806.56250000000 9056.62500000000 5965.18750000000 7158.37500000000
 1938.37500000000 13273.4375000000 16379.5625000000 11766.1250000000 12065.7500000000 14294.6250000000 9316.43750000000 17446.5625000000 15926.6875000000 15628.7500000000 9187.68750000000 16328.2500000000 10202.6875000000 7434.12500000000 6680.68750000000 16182.1250000000 6310.93750000000 2177.37500000000 14331.5000000000 13342.9375000000
9.57291114330291 11.8070856332779 8.71476101875305 20.9800814390182 12.3416604995728 16.9409945011139 11.5153285264969 
