# name: fitnesses
# type: matrix
# rows: 7
# columns: 20
 31.6907520000000 31.8917120000000 31.2520960000000 32.7690240000000 32.8907520000000 31.8917120000000 32.9699840000000 31.5322880000000 30.9719040000000 32.1719040000000 31.3313280000000 31.4530560000000 31.0144000000000 33.4086400000000 31.0936320000000 33.2076800000000 33.8897920000000 33.6888320000000 32.8482560000000 33.6096000000000
 33.5671040000000 32.8907520000000 33.6096000000000 33.3294080000000 34.4076800000000 34.6453760000000 33.5671040000000 35.2057600000000 34.3284480000000 32.2511360000000 34.4076800000000 34.6878720000000 34.9680640000000 33.1284480000000 31.9709440000000 33.7680640000000 32.2511360000000 33.2501760000000 33.0492160000000 34.7671040000000
 36.2048000000000 35.2849920000000 35.0472960000000 33.4878720000000 36.0463360000000 33.1284480000000 35.6444160000000 34.0057600000000 33.2076800000000 34.4869120000000 33.2501760000000 35.6444160000000 34.9255680000000 33.6888320000000 33.1709440000000 35.2057600000000 33.8472960000000 36.3623040000000 36.2048000000000 36.7651840000000
 38.0019200000000 37.8434560000000 34.7671040000000 34.6086400000000 35.2057600000000 34.5661440000000 36.5642240000000 33.0067200000000 35.0472960000000 35.4067200000000 37.5632640000000 34.2492160000000 33.3294080000000 36.2048000000000 33.8472960000000 35.2048000000000 34.1274880000000 35.0472960000000 35.7236480000000 32.6897920000000
 34.0482560000000 35.1265280000000 35.8453760000000 37.1246080000000 35.6444160000000 34.1274880000000 33.9690240000000 35.1265280000000 31.3313280000000 36.5642240000000 35.2048000000000 35.2057600000000 38.7207680000000 34.5661440000000 33.1284480000000 34.6086400000000 36.7651840000000 36.4849920000000 32.4096000000000 33.7680640000000
 36.2830720000000 35.7661440000000 35.1265280000000 35.8453760000000 34.4076800000000 30.6917120000000 31.8124800000000 34.2067200000000 35.5651840000000 29.6926720000000 33.8472960000000 32.1294080000000 35.2849920000000 33.3294080000000 33.5671040000000 34.1274880000000 33.1274880000000 36.1246080000000 33.9690240000000 34.6878720000000
 34.2492160000000 33.6096000000000 33.8897920000000 33.9690240000000 34.2492160000000 34.4869120000000 33.9690240000000 36.7651840000000 35.4067200000000 34.8463360000000 34.4869120000000 33.6888320000000 34.6086400000000 33.6888320000000 34.5661440000000 33.1284480000000 33.6096000000000 34.9255680000000 34.5661440000000 32.8907520000000
