# name: evaluations
# type: matrix
# rows: 7
# columns: 20
 27269.2000000000 25827.3500000000 27693.1000000000 25994.5250000000 26178.5000000000 27501.1250000000 27985.2000000000 26355.6750000000 28340.5500000000 27501.1500000000 28558.8750000000 27135 26397.3000000000 29438.5250000000 27745.1750000000 26757.9500000000 26539.9250000000 27436.1750000000 25831.6000000000 27676.8250000000
 23408.6000000000 24275.2500000000 25731.3000000000 23475.9500000000 22899.4500000000 23202 23208.8250000000 24536.4000000000 26763.9000000000 20991.6250000000 25782.3250000000 22292.8250000000 23189.4000000000 23408.1750000000 23913.6250000000 25239.3000000000 23881.5750000000 22481.3500000000 23080.1750000000 22049.9750000000
 21217.8250000000 19212.8000000000 20508.2750000000 22097.9000000000 23847.6750000000 19887.3750000000 19262.7000000000 18396.4250000000 21572.6750000000 20378.3250000000 18865.1000000000 20037.5750000000 23645.6750000000 19444.8250000000 19996.3000000000 23076.1000000000 20364.5000000000 20295.3250000000 19742.5500000000 19307.6500000000
 18060.9000000000 14997.6750000000 19348.5250000000 18606.2750000000 21447.2250000000 16930.5000000000 18497.2000000000 19036.4250000000 16802.5250000000 19560.1250000000 17858.6000000000 15147.5000000000 15613.9750000000 18127.0750000000 19140.2250000000 16398.0500000000 19668.0500000000 17074.2250000000 16916.7250000000 16961.0250000000
 13780.9500000000 14217.4750000000 14779.3500000000 16595.3000000000 14048.6750000000 20032.3500000000 16091.0750000000 13480.1500000000 15636.2750000000 15385.6750000000 14459.1500000000 14486.3250000000 16503.5500000000 14677.0500000000 13986.4750000000 17773.3250000000 18806.1000000000 17244.2250000000 15173.5250000000 16038.8250000000
 12767.4500000000 9915.37500000001 15278.7250000000 12441.4250000000 13820.4000000000 12283.5250000000 13255.4000000000 10971.5250000000 14479.2500000000 11401.8750000000 12982.7500000000 14215.0750000000 13167.8000000000 13562.6000000000 11167.0500000000 14479.8500000000 14043.5250000000 14356.8500000000 15095.7500000000 13844.8000000000
 20534.6250000000 23711.9500000000 23487.5250000000 21270.2000000000 19742.1500000000 22618.3000000000 22833.5000000000 23838.7000000000 24116.2750000000 19984.4250000000 22128.7500000000 21574.7750000000 22684.6750000000 21936.3000000000 21689.1250000000 20277.2500000000 20547.8750000000 21252.5500000000 20807.9750000000 23721.4500000000
