# Created by manolo on 2013.06.06_08.17.28 <manolo@pinwino2>
# name: runtime
# type: matrix
# rows: 7
# columns: 20
 60.1110479831696 60.1496372222900 60.1738409996033 60.2133531570435 60.1269350051880 60.1123239994049 60.1392030715942 60.1000118255615 60.1705269813538 60.2314391136169 60.1233770847321 60.1549179553986 60.1979179382324 60.1782479286194 60.1403160095215 60.0854759216309 60.1780698299408 60.1310589313507 60.1476099491119 60.2787890434265
 60.2115828990936 60.1080291271210 60.1416640281677 60.0924630165100 60.1178250312805 60.1173660755157 60.2083880901337 60.0651280879974 60.2304661273956 60.0082769393921 60.1404218673706 60.1488130092621 60.2000119686127 60.1276669502258 60.2977490425110 60.1979711055756 60.1796889305115 60.2187778949738 60.1860239505768 60.2570290565491
 60.2041671276093 60.0096991062164 60.1542389392853 60.1132137775421 60.2211990356445 60.1770641803741 60.1552109718323 60.2300608158112 60.1002471446991 60.1457860469818 60.1300959587097 60.1249368190765 60.0507040023804 60.2027709484100 60.3398990631104 60.2013351917267 60.1987860202789 60.1492569446564 60.1249210834503 60.1654438972473
 60.1059248447418 60.0903458595276 60.2014541625977 60.1336719989777 60.2258110046387 60.1881239414215 60.2162399291992 60.1716520786285 60.1601159572601 60.1759870052338 60.0821239948273 60.0526428222656 60.3766179084778 60.1672019958496 60.0575928688049 60.1293118000031 60.2130911350250 60.1557939052582 60.0946531295776 60.1695759296417
 60.1003630161285 60.1113510131836 60.1398518085480 60.1250300407410 60.1990909576416 60.1024339199066 60.1313800811768 60.1761219501495 60.2693829536438 60.1285250186920 60.0924990177155 60.1265139579773 60.1144719123840 60.1512391567230 60.1120100021362 60.1363110542297 60.1703209877014 60.2039749622345 60.1355628967285 60.1004412174225
 60.0643980503082 60.1587591171265 60.1563200950623 60.1020538806915 60.0356159210205 60.1047120094299 60.1292440891266 60.0909190177917 60.0854880809784 60.1608250141144 60.1243140697479 60.3614499568939 60.0332801342010 60.2306852340698 60.2213618755341 60.2309980392456 60.4296720027924 60.1164009571075 60.1089100837708 60.2020440101624
 60.2557361125946 60.1360931396484 60.0896930694580 60.1934020519257 60.1798100471497 59.9763188362122 60.1529140472412 60.1021809577942 60.1464211940765 60.0591418743134 60.1488270759583 60.1900911331177 60.0413179397583 60.1441340446472 60.1678881645203 60.1573390960693 60.0827960968018 60.3165779113770 60.2368080615997 60.1192359924316
