# Created by manolo on 2013.06.06_08.17.28 <manolo@pinwino2>
# name: runtime
# type: matrix
# rows: 7
# columns: 20
 60.1110479831696 60.1496372222900 60.1738409996033 60.2133531570435 60.1269350051880 60.1123239994049 60.1392030715942 60.1000118255615 60.1705269813538 60.2314391136169 60.1233770847321 60.1549179553986 60.1979179382324 60.1782479286194 60.1403160095215 60.0854759216309 60.1780698299408 60.1310589313507 60.1476099491119 60.2787890434265
 60.2115828990936 60.1080291271210 60.1416640281677 60.0924630165100 60.1178250312805 60.1173660755157 60.2083880901337 60.0651280879974 60.2304661273956 60.0082769393921 60.1404218673706 60.1488130092621 60.2000119686127 60.1276669502258 60.2977490425110 60.1979711055756 60.1796889305115 60.2187778949738 60.1860239505768 60.2570290565491
 60.2041671276093 60.0096991062164 60.1542389392853 60.1132137775421 60.2211990356445 60.1770641803741 60.1552109718323 60.2300608158112 60.1002471446991 60.1457860469818 60.1300959587097 60.1249368190765 60.0507040023804 60.2027709484100 60.3398990631104 60.2013351917267 60.1987860202789 60.1492569446564 60.1249210834503 60.1654438972473
 60.1059248447418 60.0903458595276 60.2014541625977 60.1336719989777 60.2258110046387 60.1881239414215 60.2162399291992 60.1716520786285 60.1601159572601 60.1759870052338 60.0821239948273 60.0526428222656 60.3766179084778 60.1672019958496 60.0575928688049 60.1293118000031 60.2130911350250 60.1557939052582 60.0946531295776 60.1695759296417
 60.1003630161285 60.1113510131836 60.1398518085480 60.1250300407410 60.1990909576416 60.1024339199066 60.1313800811768 60.1761219501495 60.2693829536438 60.1285250186920 60.0924990177155 60.1265139579773 60.1144719123840 60.1512391567230 60.1120100021362 60.1363110542297 60.1703209877014 60.2039749622345 60.1355628967285 60.1004412174225
 60.0643980503082 60.1587591171265 60.1563200950623 60.1020538806915 60.0356159210205 60.1047120094299 60.1292440891266 60.0909190177917 60.0854880809784 60.1608250141144 60.1243140697479 60.3614499568939 60.0332801342010 60.2306852340698 60.2213618755341 60.2309980392456 60.4296720027924 60.1164009571075 60.1089100837708 60.2020440101624
 60.2557361125946 60.1360931396484 60.0896930694580 60.1934020519257 60.1798100471497 59.9763188362122 60.1529140472412 60.1021809577942 60.1464211940765 60.0591418743134 60.1488270759583 60.1900911331177 60.0413179397583 60.1441340446472 60.1678881645203 60.1573390960693 60.0827960968018 60.3165779113770 60.2368080615997 60.1192359924316
# name: experiments
# type: string
# elements: 7
# length: 20
rule-length-3-mmdp-2
# length: 20
rule-length-4-mmdp-2
# length: 20
rule-length-5-mmdp-2
# length: 20
rule-length-6-mmdp-2
# length: 20
rule-length-7-mmdp-2
# length: 20
rule-length-8-mmdp-2
# length: 22
rule-length-3-8-mmdp-2
# name: evaluations
# type: matrix
# rows: 7
# columns: 20
 27269.2000000000 25827.3500000000 27693.1000000000 25994.5250000000 26178.5000000000 27501.1250000000 27985.2000000000 26355.6750000000 28340.5500000000 27501.1500000000 28558.8750000000 27135 26397.3000000000 29438.5250000000 27745.1750000000 26757.9500000000 26539.9250000000 27436.1750000000 25831.6000000000 27676.8250000000
 23408.6000000000 24275.2500000000 25731.3000000000 23475.9500000000 22899.4500000000 23202 23208.8250000000 24536.4000000000 26763.9000000000 20991.6250000000 25782.3250000000 22292.8250000000 23189.4000000000 23408.1750000000 23913.6250000000 25239.3000000000 23881.5750000000 22481.3500000000 23080.1750000000 22049.9750000000
 21217.8250000000 19212.8000000000 20508.2750000000 22097.9000000000 23847.6750000000 19887.3750000000 19262.7000000000 18396.4250000000 21572.6750000000 20378.3250000000 18865.1000000000 20037.5750000000 23645.6750000000 19444.8250000000 19996.3000000000 23076.1000000000 20364.5000000000 20295.3250000000 19742.5500000000 19307.6500000000
 18060.9000000000 14997.6750000000 19348.5250000000 18606.2750000000 21447.2250000000 16930.5000000000 18497.2000000000 19036.4250000000 16802.5250000000 19560.1250000000 17858.6000000000 15147.5000000000 15613.9750000000 18127.0750000000 19140.2250000000 16398.0500000000 19668.0500000000 17074.2250000000 16916.7250000000 16961.0250000000
 13780.9500000000 14217.4750000000 14779.3500000000 16595.3000000000 14048.6750000000 20032.3500000000 16091.0750000000 13480.1500000000 15636.2750000000 15385.6750000000 14459.1500000000 14486.3250000000 16503.5500000000 14677.0500000000 13986.4750000000 17773.3250000000 18806.1000000000 17244.2250000000 15173.5250000000 16038.8250000000
 12767.4500000000 9915.37500000001 15278.7250000000 12441.4250000000 13820.4000000000 12283.5250000000 13255.4000000000 10971.5250000000 14479.2500000000 11401.8750000000 12982.7500000000 14215.0750000000 13167.8000000000 13562.6000000000 11167.0500000000 14479.8500000000 14043.5250000000 14356.8500000000 15095.7500000000 13844.8000000000
 20534.6250000000 23711.9500000000 23487.5250000000 21270.2000000000 19742.1500000000 22618.3000000000 22833.5000000000 23838.7000000000 24116.2750000000 19984.4250000000 22128.7500000000 21574.7750000000 22684.6750000000 21936.3000000000 21689.1250000000 20277.2500000000 20547.8750000000 21252.5500000000 20807.9750000000 23721.4500000000
# name: fitnesses
# type: matrix
# rows: 7
# columns: 20
 31.6907520000000 31.8917120000000 31.2520960000000 32.7690240000000 32.8907520000000 31.8917120000000 32.9699840000000 31.5322880000000 30.9719040000000 32.1719040000000 31.3313280000000 31.4530560000000 31.0144000000000 33.4086400000000 31.0936320000000 33.2076800000000 33.8897920000000 33.6888320000000 32.8482560000000 33.6096000000000
 33.5671040000000 32.8907520000000 33.6096000000000 33.3294080000000 34.4076800000000 34.6453760000000 33.5671040000000 35.2057600000000 34.3284480000000 32.2511360000000 34.4076800000000 34.6878720000000 34.9680640000000 33.1284480000000 31.9709440000000 33.7680640000000 32.2511360000000 33.2501760000000 33.0492160000000 34.7671040000000
 36.2048000000000 35.2849920000000 35.0472960000000 33.4878720000000 36.0463360000000 33.1284480000000 35.6444160000000 34.0057600000000 33.2076800000000 34.4869120000000 33.2501760000000 35.6444160000000 34.9255680000000 33.6888320000000 33.1709440000000 35.2057600000000 33.8472960000000 36.3623040000000 36.2048000000000 36.7651840000000
 38.0019200000000 37.8434560000000 34.7671040000000 34.6086400000000 35.2057600000000 34.5661440000000 36.5642240000000 33.0067200000000 35.0472960000000 35.4067200000000 37.5632640000000 34.2492160000000 33.3294080000000 36.2048000000000 33.8472960000000 35.2048000000000 34.1274880000000 35.0472960000000 35.7236480000000 32.6897920000000
 34.0482560000000 35.1265280000000 35.8453760000000 37.1246080000000 35.6444160000000 34.1274880000000 33.9690240000000 35.1265280000000 31.3313280000000 36.5642240000000 35.2048000000000 35.2057600000000 38.7207680000000 34.5661440000000 33.1284480000000 34.6086400000000 36.7651840000000 36.4849920000000 32.4096000000000 33.7680640000000
 36.2830720000000 35.7661440000000 35.1265280000000 35.8453760000000 34.4076800000000 30.6917120000000 31.8124800000000 34.2067200000000 35.5651840000000 29.6926720000000 33.8472960000000 32.1294080000000 35.2849920000000 33.3294080000000 33.5671040000000 34.1274880000000 33.1274880000000 36.1246080000000 33.9690240000000 34.6878720000000
 34.2492160000000 33.6096000000000 33.8897920000000 33.9690240000000 34.2492160000000 34.4869120000000 33.9690240000000 36.7651840000000 35.4067200000000 34.8463360000000 34.4869120000000 33.6888320000000 34.6086400000000 33.6888320000000 34.5661440000000 33.1284480000000 33.6096000000000 34.9255680000000 34.5661440000000 32.8907520000000
