# Created by manolo on dom jun 16 15:55:44 CEST 2013 <manolo@pinwino2>
# name: mmdp
# type: matrix
# rows: 9
# columns: 9
63.3798879384995 58.5605449676514 53.6692994832993 70.7434270381927 50.7102439403534 54.5374810695648 48.5036640167236 51.9678938388824 88.5799249410630 
63.2337414026261 50.6752654314041 40.7171030044556 62.1608135700226 48.0955456495285 41.7095880508423 61.9622330665588 46.7120360136032 69.2734814882278 
133.180760502815 84.5876125097275 44.1846569776535 94.5454035997390 55.4926434755325 35.0071004629135 60.1556576490403 34.0547170639039 89.0981715917588 
82.5251359939575 56.9408705234528 69.8833599090576 76.9205750226974 53.6589660644531 44.0716949701309 71.9018775224686 45.8597350120544 84.8197150230407 
62.3815205097198 56.7746933698655 44.4214085340500 68.5040074586869 44.0037045478821 32.2266994714737 50.7392270565033 39.1629915237426 66.8124264478683 
134.499019503594 86.0821249485016 43.9109190702438 103.484187006950 46.2079675197601 35.2050799131393 57.9267690181732 36.6320685148239 78.7731639146805 
113.215247035026 78.5996545553208 89.0519660711288 94.7348510026931 56.9703074693680 50.5641289949418 71.3418855667115 70.5750659704208 123.103671073914 
102.353991031647 57.4843374490738 64.9804290533066 74.0999255180359 53.3493874073029 40.4342865943909 66.9430484771729 42.2326450347901 89.2036398649216 
138.229487538337 93.7168054580688 52.2698520421982 75.6152881383896 56.1327639818192 39.2701303958893 70.1546335220337 35.6588369607925 68.6672478914261 

# name: trap
# type: matrix
# rows: 9
# columns: 9
45.1582934856415 49.6027675867081 61.0036956071854 51.3730379343033 42.8544684648514 35.0099254846573 53.6134763956070 47.0040855407715 93.2285059690475 
93.5673874616623 64.9866895675659 54.7131190299988 72.9344769716263 45.7630530595779 48.8528919219970 59.4217344522476 43.5864280462265 79.8356885910034 
191.045873522758 90.9648214578629 46.9757184982300 110.500302553177 75.8282200098038 53.7321580648422 79.7006886005401 35.5914266109466 87.2849503755569 
35.6375966072083 82.8991435766220 63.1153761148453 84.7637284994126 38.7606595754623 55.9085754156113 76.2887774705887 44.9815739393234 69.2343834638595 
75.8412480354309 76.9255769252777 49.3253231048584 97.4733154773713 43.9613680839539 42.5610845088959 73.3691439628601 43.4752318859100 60.8356615304947 
142.850613594056 112.397682070732 40.8571555614472 103.073960542679 72.4686098098755 36.4471344947815 81.0298404693604 30.2632219791412 94.7370920181274 
103.037895441055 53.4341459274292 79.6244790554047 118.735532045364 55.7237976789474 69.6089254617691 63.4296860694885 86.6638430356979 115.645924448967 
61.2231545448304 86.2374604940414 43.7006834745407 67.3398934602737 36.8543219566345 39.8810625076294 67.8174815177917 54.0909149646759 89.8816400766373 
119.721754550934 113.133700489998 57.4423860311508 201.257718920708 92.3159930706024 50.9801709651947 77.3076820373535 34.4352313280106 58.2427954673767 
