# Created by manolo on 2013.06.05_04.54.31 <manolo@pinwino2>
# name: runtime
# type: matrix
# rows: 7
# columns: 20
 60.2158870697021 60.3278000354767 60.1045389175415 60.0300238132477 60.1451809406281 60.0625901222229 60.0532479286194 57.5428419113159 60.2677187919617 60.2726628780365 60.0872280597687 60.2921900749207 60.0903370380402 60.0584309101105 60.2672209739685 60.1421480178833 60.0831968784332 60.1384909152985 60.1125159263611 60.0831208229065
 45.3188891410828 38.4564211368561 53.5144019126892 38.3158559799194 32.1419451236725 42.2672469615936 39.5915098190308 44.9466509819031 60.0637369155884 53.1360330581665 31.2330200672150 60.0413839817047 53.4372107982635 60.1240360736847 46.4171891212463 21.8821389675140 46.9693100452423 27.9642150402069 56.0318000316620 58.0037369728088
 46.0315451622009 34.8563308715820 25.2803969383240 35.1201970577240 49.7670829296112 38.7126920223236 33.3930540084839 23.5886249542236 25.5076389312744 21.8172550201416 44.5435259342194 37.4683990478516 42.5748569965363 28.9226961135864 31.3403658866882 46.8066499233246 34.7869451045990 37.4778420925140 21.5386960506439 31.7519850730896
 26.6346909999847 26.1704351902008 20.1742179393768 15.7647168636322 21.7036809921265 32.4595830440521 21.0799539089203 36.2515370845795 29.4827110767365 15.7372097969055 41.1350731849670 24.6100950241089 25.3090550899506 43.7081661224365 30.6798171997070 38.5836338996887 34.4071791172028 34.9916839599609 24.0256099700928 36.0424170494080
 22.2358660697937 23.6672170162201 28.9489078521729 41.3704152107239 19.4678370952606 23.3983709812164 23.9008100032806 29.9536349773407 25.5326499938965 29.9299168586731 23.5322189331055 32.4038639068604 26.8246560096741 29.0978958606720 38.7573819160461 38.0380859375000 35.3565578460693 34.2489800453186 29.9926261901855 29.4010279178619
 24.9997730255127 33.3471240997314 11.6264798641205 22.6523470878601 30.8630149364471 37.5522830486298 34.4663460254669 33.8816430568695 36.1539220809937 43.5335640907288 33.4296619892120 44.7887020111084 35.0290341377258 36.9359250068665 30.7132380008698 30.1262590885162 39.3747460842133 32.8554100990295 40.8313031196594 44.0844299793243
 36.4349040985107 38.6819620132446 53.9191780090332 45.9445009231567 31.8561809062958 44.4063282012939 45.0948271751404 22.4724988937378 50.4381790161133 45.0335309505463 40.9961819648743 36.1861569881439 49.7215170860291 54.9175081253052 34.9405198097229 50.6548578739166 33.9778130054474 30.8293261528015 24.6342518329620 29.6859230995178
