# name: evaluations
# type: matrix
# rows: 7
# columns: 20
 46691.1000000001 48029.1500000000 45821.3000000001 49996.2500000001 51307.3999999999 50805.8500000000 51317.0500000001 51459.4999999999 49792.4500000001 51034.2500000000 47865.7500000000 46298.2500000000 48716.8000000000 52372.2000000000 48497 47731.1499999999 50850.8499999999 48440.1000000000 50510.8000000000 48258.5500000000
 33499.2500000000 25969.7500000000 40741.5500000000 29906.7000000000 26161.4000000000 32084.8000000000 29563.2000000000 32233.0500000000 46658.0500000000 41479.1000000000 23416.3000000000 44419.1000000001 39719.1000000000 43124.6000000000 35108.9500000000 15754.1000000000 41073.7500000000 22897.7000000000 42016.0999999999 41479.7999999999
 31109.1500000000 23297 18130.7500000000 24942.1500000000 32180.3000000000 28294.1500000000 23190.5000000000 15186.4500000000 15751.4500000000 13891.8500000000 33646.1000000000 25876.9000000000 29275.8000000000 16432.1000000000 23516.3000000000 31307.4500000000 22077.2500000000 23757.5000000000 13636.1000000000 22563.2500000000
 13861.1000000000 14869.9500000000 12899.8500000000 8360.15000000000 13588.7000000000 21186.9000000000 11945.9500000000 20857.6000000000 15461.6000000000 7946.90000000000 25131.6500000000 15169.7500000000 13615.3500000000 26539.7000000000 20104.3500000000 18832.8500000000 18491.5000000000 22817.6500000000 16491.2000000000 18961.0500000000
 11807.4000000000 12200.5500000000 15099.7000000000 23276.2500000000 9596.50000000000 13118.3000000000 11110.0000000000 17807.4000000000 15078.7500000000 14787.3500000000 10292.0000000000 15124.6500000000 14173.0500000000 11650.8000000000 23404.8000000000 23757.4500000000 19810.5000000000 21410.6500000000 14171.8500000000 12374.6500000000
 9235.79999999999 19046.3500000000 4981.20000000000 7354.70000000000 14764.0500000000 15478.5000000000 19974.2500000000 15695.4500000000 12876.8000000000 25640.1500000000 13306.8500000000 21933.5500000000 17607.2000000000 17755.3000000000 13722.6000000000 12342.8000000000 17333.8500000000 15193.8000000000 18025.6000000000 16128.7000000000
 26434 26240.4000000000 35978.1000000000 37858.9000000000 24170.7500000000 29829.5000000000 32149.1500000000 13708.1000000000 43302.1000000000 28591.8000000000 28458.1500000000 26112.8000000000 36026 39837.5000000000 23834.3000000000 34970.0500000000 25514.5000000000 22245.7000000000 16995.7000000000 21767.6500000000
