# name: evaluations
# type: matrix
# rows: 7
# columns: 20
 462084 448584 456584 466544 456380 435316 427583 426963 217634 430463 37830 442442 432226 462962 55613 109132 448348 438468 441861 434399
 359861 387166 365684 350513 351023 376532 360431 369284 331427 388041 347627 336390 392431 367839 329240 385109 338081 437726 396873 368728
 326127 330898 336553 282682 312061 295455 328944 341122 342644 326527 312656 297281 329893 261912 303762 370877 323776 305345 351588 335279
 321460 226594 291744 327425 287961 293966 289299 292551 278488 353205 251420 316404 206005 258907 243097 293648 267900 264017 256444 328749
 242443 240944 206228 247732 287004 256248 226245 211077 249728 278018 270524 265084 301995 284150 228453 228305 280000 210826 216524 249360
 233735 169218 199503 190267 198779 217187 252525 192066 209528 219697 206074 228930 239714 208454 133604 193300 249843 143801 251699 237096
 353419 452150 409106 354811 38758 386570 329077 367207 338202 375426 373476 356733 383973 421900 411520 372843 390949 365761 381050 396008
