# Created by manolo on 2013.06.05_06.40.40 <manolo@pinwino2>
# name: runtime
# type: matrix
# rows: 7
# columns: 20
 60.0768659114838 60.0618710517883 60.9075269699097 60.4032728672028 60.0785880088806 60.4186518192291 60.3038020133972 60.1597568988800 27.4539980888367 60.0039057731628 4.19491600990295 60.2973051071167 60.0528178215027 60.2569839954376 4.88352489471436 11.6122739315033 60.2562770843506 60.4965782165527 60.0355880260468 60.3884019851685
 60.2055208683014 60.0465860366821 60.0492899417877 60.8220679759979 59.8257000446320 60.5299777984619 60.4821619987488 60.4400491714478 59.6488149166107 60.2466511726379 60.0887551307678 60.5976848602295 60.7635369300842 60.4054090976715 59.9009499549866 60.0542240142822 60.2172751426697 60.1032330989838 60.8960280418396 60.1598489284515
 60.5157561302185 60.5489478111267 60.0759189128876 60.0785579681396 60.2034399509430 59.9626088142395 60.0246450901031 60.1030340194702 60.1839919090271 60.0440220832825 60.1049051284790 60.6070461273193 60.2308330535889 60.2626159191132 60.0179460048676 60.1231961250305 60.0679869651794 60.0554809570312 60.0854749679565 60.2530198097229
 60.1283609867096 60.0530159473419 60.0724129676819 60.2696359157562 60.3357100486755 60.0717978477478 60.4220190048218 60.1072499752045 60.0573492050171 60.0745501518250 60.0880799293518 60.1595578193665 60.1294670104980 60.1341431140900 60.0507779121399 60.4354109764099 60.0601320266724 60.0783939361572 60.1842439174652 60.1037759780884
 60.1276731491089 60.0933778285980 60.0994110107422 60.0798778533936 60.0654330253601 60.8019678592682 60.1862289905548 60.0669450759888 60.1341791152954 60.3147771358490 60.0755820274353 60.1310918331146 60.1230781078339 60.0727441310883 60.1146719455719 60.4104621410370 60.0951111316681 60.0496199131012 60.1112329959869 60.1227970123291
 60.0252859592438 59.9098749160767 60.1503880023956 60.2152709960938 60.3998110294342 60.4122200012207 60.1965990066528 60.2729570865631 60.1312940120697 60.0864229202271 60.1401700973511 60.1747348308563 60.0906689167023 60.0860221385956 60.1851680278778 60.3422780036926 59.9861369132996 60.1150949001312 60.1677770614624 60.2003340721130
 60.1207280158997 60.3930490016937 60.0864861011505 60.0987038612366 6.76132011413574 60.0600469112396 60.3636770248413 60.1453969478607 60.0850701332092 60.1603469848633 60.1388618946075 60.1707401275635 60.0826969146729 60.1011910438538 60.0770189762115 60.1227660179138 60.0814740657806 60.1960799694061 60.0757210254669 60.0997040271759
# name: experiments
# type: string
# elements: 7
# length: 1
3
# length: 1
4
# length: 1
5
# length: 1
6
# length: 1
7
# length: 1
8
# length: 3
3-8
# name: evaluations
# type: matrix
# rows: 7
# columns: 20
 462084 448584 456584 466544 456380 435316 427583 426963 217634 430463 37830 442442 432226 462962 55613 109132 448348 438468 441861 434399
 359861 387166 365684 350513 351023 376532 360431 369284 331427 388041 347627 336390 392431 367839 329240 385109 338081 437726 396873 368728
 326127 330898 336553 282682 312061 295455 328944 341122 342644 326527 312656 297281 329893 261912 303762 370877 323776 305345 351588 335279
 321460 226594 291744 327425 287961 293966 289299 292551 278488 353205 251420 316404 206005 258907 243097 293648 267900 264017 256444 328749
 242443 240944 206228 247732 287004 256248 226245 211077 249728 278018 270524 265084 301995 284150 228453 228305 280000 210826 216524 249360
 233735 169218 199503 190267 198779 217187 252525 192066 209528 219697 206074 228930 239714 208454 133604 193300 249843 143801 251699 237096
 353419 452150 409106 354811 38758 386570 329077 367207 338202 375426 373476 356733 383973 421900 411520 372843 390949 365761 381050 396008
# name: fitnesses
# type: matrix
# rows: 7
# columns: 20
 249985 249985 249985 249985 249985 249985 249985 249985 250048 249985 250048 249985 249985 249985 250048 250048 249985 249985 249985 249985
 249985 249985 249985 249985 249985 249985 249985 249985 249985 249985 249985 249985 249985 249985 249985 249985 249985 249985 249985 249985
 249985 249985 249985 249985 249985 249985 249985 249985 249985 249985 249985 249985 249985 249985 249985 249985 249985 249985 249985 249985
 249985 249985 249985 249985 249985 249985 249985 249985 249985 249985 249985 249985 249985 249985 249985 249985 249985 249985 249985 249985
 249985 249985 249985 249985 249985 249985 249985 249985 249985 249985 249985 249985 249985 249985 249985 249985 249985 249985 249985 249985
 249985 249985 249985 249985 249985 249985 249985 249985 249985 249985 249985 249985 249985 249985 249985 249985 249985 249985 249985 249985
 249985 249985 249985 249985 250048 249985 249985 249985 249985 249985 249985 249985 249985 249985 249985 249985 249985 249985 249985 249985
