# name: evaluations
# type: matrix
# rows: 7
# columns: 20
 24041.6875000000 23050.1875000000 24085.7916666666 21768.1250000000 24148.5000000000 22768.6458333333 21525.1666666666 22067.8333333333 21230.7500000000 21761.7500000000 23261 21201.7916666666 21718.8333333333 22934.4583333334 22295.6458333333 22553.7708333333 22298 22361.1041666666 23800.6875000000 23976.2291666667
 18032.3541666666 19910.0000000000 19093.1666666667 19898.5000000000 18358.0833333333 18044.0416666667 20161.2708333333 20471.7708333333 22590.7916666667 20289.8541666667 19587.2916666667 20543.3125000000 18789.5208333333 20163.8125000000 20759.2916666667 19591.7708333333 17603.2291666666 17774.7916666667 20880.0416666667 20245.2708333334
 18825.6041666667 19851.1458333333 17190.6875000000 16802.2291666667 19140.5625000000 16782.1666666667 15925.9583333333 17817.3541666667 18043.4166666667 18699.9375000000 17110.6041666667 16677.3125000000 17399.2083333333 16522.7291666667 17910.9791666667 18434.8958333333 17558.3125000000 18407.1666666667 17501.3958333333 20765.1458333333
 13887.4583333333 14059.2708333333 14745.0833333333 15199.5416666667 14460.2083333333 18698 16252.7500000000 16524.1666666667 15271.3541666667 18387.6666666666 14945.7708333333 15911.3958333333 14311.1250000000 15361.8958333333 16910.5208333333 15364.9791666667 15111.5000000000 15706.7083333333 9344.43750000000 18472.0000000000
 16033.1458333333 13901.3958333333 15796.8750000000 16329.2291666667 16284.4583333333 10778.7291666667 14082.2291666667 13992.6875000000 13029.7916666667 15571.0833333333 12478.9791666667 14608.8958333333 13114.8125000000 13536.2500000000 14517.5833333333 15621.5833333333 14423.8333333333 11324.7916666667 14886.6250000000 14166.0833333333
 10458.8750000000 13964.8125000000 14728.9583333334 13839.8125000000 15776.6250000000 13556.2500000000 12875.2083333333 15910.9791666667 11340 12585.3333333334 12271.7708333333 12109.3750000000 11945.1875000000 14001.7500000000 12811.0833333333 13375.8750000000 12628.5208333333 14201.1458333333 13019.6041666667 10871.0625000000
 19558.0000000000 18799.6250000000 19910.5208333334 17013.8750000000 17595.3125000000 18507.0000000000 18283.4375000000 17503.7916666667 17931.7916666667 18245.3958333333 16843.6250000000 19029.5625000000 17117.5833333333 18742.7291666667 17826.6875000000 16405.5208333333 16640.1875000000 17256 18829.0208333333 18428.2500000000
