# name: fitnesses
# type: matrix
# rows: 7
# columns: 20
 181 168 172 177 168 169 181 172 166 177 172 171 176 173 169 171 175 167 172 177
 161 177 174 183 173 163 168 181 177 180 173 184 178 173 169 174 182 169 177 177
 179 172 187 157 181 186 178 171 187 178 183 175 171 178 167 177 189 180 181 171
 168 187 179 177 167 175 173 179 180 179 170 176 171 183 191 192 176 183 192 158
 192 177 153 174 174 182 186 188 175 181 187 166 168 177 183 184 190 173 164 187
 178 167 178 181 171 169 176 156 161 158 161 152 177 183 192 171 188 190 168 155
 159 177 176 184 181 179 165 183 185 167 168 173 161 162 170 167 169 171 161 183
