# Created by manolo on 2013.06.06_18.07.40 <manolo@pinwino2>
# name: runtime
# type: matrix
# rows: 7
# columns: 20
 60.1299970149994 60.2165100574493 60.2058410644531 60.0632610321045 60.1448600292206 60.1065211296082 60.0887269973755 60.1334979534149 60.1158630847931 60.1263990402222 60.0952520370483 60.2097959518433 60.0755419731140 60.0845959186554 60.1701512336731 60.1377091407776 60.0942289829254 60.1765310764313 60.2611320018768 60.0662000179291
 60.1054348945618 60.2126429080963 60.1432070732117 60.1132719516754 60.1752910614014 60.5528850555420 60.1171281337738 60.2809641361237 60.3237409591675 60.1834809780121 60.2048130035400 60.1592609882355 60.1587989330292 60.2000207901001 60.1908998489380 60.1214461326599 60.1783039569855 60.1112401485443 60.1864960193634 60.2549331188202
 60.0794651508331 60.0853090286255 60.1308851242065 60.0439190864563 60.1176278591156 60.1394720077515 60.1049962043762 60.3852379322052 60.1169309616089 60.3982820510864 60.1252229213715 60.1450021266937 60.1777100563049 60.1467001438141 60.0626120567322 60.1478600502014 60.0753450393677 60.1307997703552 60.1280400753021 60.1884479522705
 60.1310350894928 60.2286748886108 60.1418440341949 60.1596701145172 60.1262340545654 60.3185760974884 60.2590861320496 60.1485700607300 60.1360659599304 60.2470071315765 60.1458311080933 60.1256811618805 60.1668260097504 60.1584270000458 60.0992100238800 58.8104779720306 60.1660060882568 60.1018030643463 38.6264200210571 60.0823330879211
 54.3142158985138 60.1499199867249 60.0836329460144 60.0577960014343 60.2110068798065 60.2442121505737 60.2305669784546 59.8536429405212 60.2786829471588 60.2839989662170 60.0816149711609 60.3365042209625 60.1360640525818 60.1277348995209 60.2246680259705 60.1928269863129 60.3296439647675 60.1273012161255 60.2376010417938 60.4317538738251
 60.2553889751434 60.1819319725037 60.1113741397858 60.1064679622650 60.0855391025543 60.1942269802094 60.1472549438477 60.2505269050598 60.3118610382080 60.1285622119904 60.0470588207245 60.1514589786530 60.0694990158081 60.1601960659027 58.4617900848389 60.1309058666229 60.2741010189056 60.2417838573456 60.1423010826111 60.2888169288635
 60.0383861064911 60.1734790802002 60.0902380943298 60.1302440166473 60.1461019515991 60.0593488216400 60.2692990303040 60.1320898532867 60.0819199085236 60.0800559520721 60.0826108455658 60.2607619762421 60.1860539913177 60.0804669857025 60.1016938686371 60.2134718894958 60.2578599452972 60.1851470470428 60.6549570560455 60.2272939682007
