# Created by manolo on 2013.06.06_18.07.40 <manolo@pinwino2>
# name: runtime
# type: matrix
# rows: 7
# columns: 20
 60.1299970149994 60.2165100574493 60.2058410644531 60.0632610321045 60.1448600292206 60.1065211296082 60.0887269973755 60.1334979534149 60.1158630847931 60.1263990402222 60.0952520370483 60.2097959518433 60.0755419731140 60.0845959186554 60.1701512336731 60.1377091407776 60.0942289829254 60.1765310764313 60.2611320018768 60.0662000179291
 60.1054348945618 60.2126429080963 60.1432070732117 60.1132719516754 60.1752910614014 60.5528850555420 60.1171281337738 60.2809641361237 60.3237409591675 60.1834809780121 60.2048130035400 60.1592609882355 60.1587989330292 60.2000207901001 60.1908998489380 60.1214461326599 60.1783039569855 60.1112401485443 60.1864960193634 60.2549331188202
 60.0794651508331 60.0853090286255 60.1308851242065 60.0439190864563 60.1176278591156 60.1394720077515 60.1049962043762 60.3852379322052 60.1169309616089 60.3982820510864 60.1252229213715 60.1450021266937 60.1777100563049 60.1467001438141 60.0626120567322 60.1478600502014 60.0753450393677 60.1307997703552 60.1280400753021 60.1884479522705
 60.1310350894928 60.2286748886108 60.1418440341949 60.1596701145172 60.1262340545654 60.3185760974884 60.2590861320496 60.1485700607300 60.1360659599304 60.2470071315765 60.1458311080933 60.1256811618805 60.1668260097504 60.1584270000458 60.0992100238800 58.8104779720306 60.1660060882568 60.1018030643463 38.6264200210571 60.0823330879211
 54.3142158985138 60.1499199867249 60.0836329460144 60.0577960014343 60.2110068798065 60.2442121505737 60.2305669784546 59.8536429405212 60.2786829471588 60.2839989662170 60.0816149711609 60.3365042209625 60.1360640525818 60.1277348995209 60.2246680259705 60.1928269863129 60.3296439647675 60.1273012161255 60.2376010417938 60.4317538738251
 60.2553889751434 60.1819319725037 60.1113741397858 60.1064679622650 60.0855391025543 60.1942269802094 60.1472549438477 60.2505269050598 60.3118610382080 60.1285622119904 60.0470588207245 60.1514589786530 60.0694990158081 60.1601960659027 58.4617900848389 60.1309058666229 60.2741010189056 60.2417838573456 60.1423010826111 60.2888169288635
 60.0383861064911 60.1734790802002 60.0902380943298 60.1302440166473 60.1461019515991 60.0593488216400 60.2692990303040 60.1320898532867 60.0819199085236 60.0800559520721 60.0826108455658 60.2607619762421 60.1860539913177 60.0804669857025 60.1016938686371 60.2134718894958 60.2578599452972 60.1851470470428 60.6549570560455 60.2272939682007
# name: experiments
# type: string
# elements: 7
# length: 22
rule-length-3-trap-1.5
# length: 22
rule-length-4-trap-1.5
# length: 22
rule-length-5-trap-1.5
# length: 22
rule-length-6-trap-1.5
# length: 22
rule-length-7-trap-1.5
# length: 22
rule-length-8-trap-1.5
# length: 24
rule-length-3-8-trap-1.5
# name: evaluations
# type: matrix
# rows: 7
# columns: 20
 24041.6875000000 23050.1875000000 24085.7916666666 21768.1250000000 24148.5000000000 22768.6458333333 21525.1666666666 22067.8333333333 21230.7500000000 21761.7500000000 23261 21201.7916666666 21718.8333333333 22934.4583333334 22295.6458333333 22553.7708333333 22298 22361.1041666666 23800.6875000000 23976.2291666667
 18032.3541666666 19910.0000000000 19093.1666666667 19898.5000000000 18358.0833333333 18044.0416666667 20161.2708333333 20471.7708333333 22590.7916666667 20289.8541666667 19587.2916666667 20543.3125000000 18789.5208333333 20163.8125000000 20759.2916666667 19591.7708333333 17603.2291666666 17774.7916666667 20880.0416666667 20245.2708333334
 18825.6041666667 19851.1458333333 17190.6875000000 16802.2291666667 19140.5625000000 16782.1666666667 15925.9583333333 17817.3541666667 18043.4166666667 18699.9375000000 17110.6041666667 16677.3125000000 17399.2083333333 16522.7291666667 17910.9791666667 18434.8958333333 17558.3125000000 18407.1666666667 17501.3958333333 20765.1458333333
 13887.4583333333 14059.2708333333 14745.0833333333 15199.5416666667 14460.2083333333 18698 16252.7500000000 16524.1666666667 15271.3541666667 18387.6666666666 14945.7708333333 15911.3958333333 14311.1250000000 15361.8958333333 16910.5208333333 15364.9791666667 15111.5000000000 15706.7083333333 9344.43750000000 18472.0000000000
 16033.1458333333 13901.3958333333 15796.8750000000 16329.2291666667 16284.4583333333 10778.7291666667 14082.2291666667 13992.6875000000 13029.7916666667 15571.0833333333 12478.9791666667 14608.8958333333 13114.8125000000 13536.2500000000 14517.5833333333 15621.5833333333 14423.8333333333 11324.7916666667 14886.6250000000 14166.0833333333
 10458.8750000000 13964.8125000000 14728.9583333334 13839.8125000000 15776.6250000000 13556.2500000000 12875.2083333333 15910.9791666667 11340 12585.3333333334 12271.7708333333 12109.3750000000 11945.1875000000 14001.7500000000 12811.0833333333 13375.8750000000 12628.5208333333 14201.1458333333 13019.6041666667 10871.0625000000
 19558.0000000000 18799.6250000000 19910.5208333334 17013.8750000000 17595.3125000000 18507.0000000000 18283.4375000000 17503.7916666667 17931.7916666667 18245.3958333333 16843.6250000000 19029.5625000000 17117.5833333333 18742.7291666667 17826.6875000000 16405.5208333333 16640.1875000000 17256 18829.0208333333 18428.2500000000
# name: fitnesses
# type: matrix
# rows: 7
# columns: 20
 181 168 172 177 168 169 181 172 166 177 172 171 176 173 169 171 175 167 172 177
 161 177 174 183 173 163 168 181 177 180 173 184 178 173 169 174 182 169 177 177
 179 172 187 157 181 186 178 171 187 178 183 175 171 178 167 177 189 180 181 171
 168 187 179 177 167 175 173 179 180 179 170 176 171 183 191 192 176 183 192 158
 192 177 153 174 174 182 186 188 175 181 187 166 168 177 183 184 190 173 164 187
 178 167 178 181 171 169 176 156 161 158 161 152 177 183 192 171 188 190 168 155
 159 177 176 184 181 179 165 183 185 167 168 173 161 162 170 167 169 171 161 183
