# Created by manolo on 2013.06.20_23.10.30 <manolo@pinwino2>
# name: runtime
# type: matrix
# rows: 6
# columns: 20
 120.287436962128 120.301504850388 120.325049161911 120.718394994736 120.135659933090 120.104282140732 120.299416780472 119.891334056854 120.334086894989 120.127772092819 120.275411128998 120.360238075256 120.429836988449 120.112581968307 120.075068950653 120.235669136047 119.694895982742 120.307204008102 120.190275192261 119.917544126511
 120.286521911621 120.130524158478 120.269105911255 120.151985883713 120.338113069534 120.119027853012 120.322365045547 120.290820121765 120.279666900635 120.362059831619 120.157646894455 120.206877946854 120.578622817993 120.085726976395 120.355166912079 120.341784954071 120.320801973343 120.400877952576 120.337822914124 120.377984046936
 120.387649059296 120.193783044815 120.297308921814 120.269526004791 120.332142114639 120.447143077850 120.234030008316 120.437314033508 119.970370054245 119.879322052002 120.427896022797 119.988308906555 120.158584117889 120.182362794876 120.335535049438 120.345465898514 119.833339929581 120.055250883102 120.438031911850 119.733374118805
 120.088948965073 120.381382942200 120.169996976852 120.503674983978 120.012927055359 120.219541788101 120.249296903610 120.230499982834 120.043361902237 120.447555065155 119.890537023544 120.179997205734 120.493170022964 120.129966020584 120.003220081329 119.797661066055 120.326229095459 120.213761806488 120.021705865860 120.402015924454
 120.209712028503 120.453957080841 120.278971195221 120.218580961227 120.420632123947 120.193897962570 120.255884170532 120.391790866852 120.273156166077 120.210575103760 120.508384943008 120.196825027466 120.308366060257 120.261181831360 120.188349008560 120.136031150818 120.298052072525 120.285427093506 120.101626157761 120.259583950043
 120.194335937500 120.268332004547 120.271733045578 120.179039001465 120.728821992874 120.213740110397 120.182427883148 120.252748966217 120.259844064713 120.253646850586 120.310115098953 120.396031856537 120.451675891876 120.098511934280 120.408704996109 120.332664012909 120.475965023041 120.249035835266 120.427776098251 120.628623962402
