# name: evaluations
# type: matrix
# rows: 6
# columns: 20
 30205.0208333333 35283.2916666667 16683.9583333333 22000.7291666667 23714.3958333333 30368.9166666667 25959.4583333334 31109.3541666667 30650.4375000000 37872.3333333334 32763.9375000000 33376.8333333333 38296.3750000000 26595.4791666667 24267.5416666667 31918.4375000000 27464.2291666667 24718.0208333333 32943.3958333334 35643.4583333333
 20925.1250000000 28242.4583333334 22948.3750000000 26745.1875000000 24189.4791666667 27267.2083333334 25635.7708333333 31094.5833333333 26323.2916666667 27839.5833333333 20191.0625000000 24873.6875000000 26698.2291666667 32857.6666666667 22927.8750000000 30792.1875000000 25851.4791666667 26713.1458333333 25724.7291666667 25442.3125000000
 29336.0625000000 31675.3958333334 27676.8750000000 27321.6250000000 33977.0416666667 30983.2708333333 32018.7708333334 25990.0208333333 24162.6666666667 31197.5833333334 31916.9583333334 25697.5416666667 31240.3541666667 21473.9791666667 29376.9166666667 27324.6875000000 29627.2916666667 30768.8125000000 30782.8958333333 26487.3333333333
 31636.4583333333 35836.2083333333 26474.1666666667 33159.3958333333 27587.9166666667 26716.9375000000 28879.6250000000 29980.2500000000 38295.1875000000 24973.1875000000 22868.9375000000 25810.9166666667 37827.6249999999 18626.6666666667 24638.4791666667 31051.7083333334 28281.8333333334 34104.6250000000 24648.0625000000 23963.1250000000
 23762.5208333333 30248.2500000000 34292.9791666667 39847.4583333334 31731.1666666667 41205.8124999999 29679.5833333333 28411.6458333333 33350.4375000000 30597.0625000000 26919.7291666667 26809.1875000000 22742.1041666667 31022.4166666667 25417.6666666667 27825.7916666667 19175.2708333333 27742.8125000000 26009.3750000001 22569.8125000000
 27671.8125000000 20089.6250000000 21447.9166666667 20625.6250000000 34831.7083333333 32165.6458333333 23734.3333333333 27116.5000000000 25838.0833333333 28645.3541666667 37805.5208333333 24460.6250000000 29582.6666666667 31433.7916666667 31920.9791666667 23558.0416666667 26727.0208333333 30747.2500000000 27240.1041666667 27499.7500000000
