# name: fitnesses
# type: matrix
# rows: 6
# columns: 20
 144 145 161 166 170 150 163 160 178 173 151 154 159 164 151 152 159 158 165 150
 177 176 163 171 170 173 153 182 153 158 175 169 175 155 163 164 158 162 168 156
 172 162 162 156 174 157 165 185 165 163 162 165 167 163 169 144 149 159 171 172
 180 161 153 179 173 165 168 157 165 147 169 162 165 154 165 154 161 169 161 165
 172 162 177 152 155 167 168 162 159 175 162 181 162 163 149 157 158 167 161 162
 170 160 153 147 159 151 186 156 171 169 158 167 179 166 175 156 163 165 181 171
