# Created by manolo on 2013.06.20_23.10.30 <manolo@pinwino2>
# name: runtime
# type: matrix
# rows: 6
# columns: 20
 120.287436962128 120.301504850388 120.325049161911 120.718394994736 120.135659933090 120.104282140732 120.299416780472 119.891334056854 120.334086894989 120.127772092819 120.275411128998 120.360238075256 120.429836988449 120.112581968307 120.075068950653 120.235669136047 119.694895982742 120.307204008102 120.190275192261 119.917544126511
 120.286521911621 120.130524158478 120.269105911255 120.151985883713 120.338113069534 120.119027853012 120.322365045547 120.290820121765 120.279666900635 120.362059831619 120.157646894455 120.206877946854 120.578622817993 120.085726976395 120.355166912079 120.341784954071 120.320801973343 120.400877952576 120.337822914124 120.377984046936
 120.387649059296 120.193783044815 120.297308921814 120.269526004791 120.332142114639 120.447143077850 120.234030008316 120.437314033508 119.970370054245 119.879322052002 120.427896022797 119.988308906555 120.158584117889 120.182362794876 120.335535049438 120.345465898514 119.833339929581 120.055250883102 120.438031911850 119.733374118805
 120.088948965073 120.381382942200 120.169996976852 120.503674983978 120.012927055359 120.219541788101 120.249296903610 120.230499982834 120.043361902237 120.447555065155 119.890537023544 120.179997205734 120.493170022964 120.129966020584 120.003220081329 119.797661066055 120.326229095459 120.213761806488 120.021705865860 120.402015924454
 120.209712028503 120.453957080841 120.278971195221 120.218580961227 120.420632123947 120.193897962570 120.255884170532 120.391790866852 120.273156166077 120.210575103760 120.508384943008 120.196825027466 120.308366060257 120.261181831360 120.188349008560 120.136031150818 120.298052072525 120.285427093506 120.101626157761 120.259583950043
 120.194335937500 120.268332004547 120.271733045578 120.179039001465 120.728821992874 120.213740110397 120.182427883148 120.252748966217 120.259844064713 120.253646850586 120.310115098953 120.396031856537 120.451675891876 120.098511934280 120.408704996109 120.332664012909 120.475965023041 120.249035835266 120.427776098251 120.628623962402
# name: experiments
# type: string
# elements: 6
# length: 29
ageing-0.1-trap-48-length-3-8
# length: 27
ageing-0.1-trap-48-length-5
# length: 29
ageing-0.5-trap-48-length-3-8
# length: 27
ageing-0.5-trap-48-length-5
# length: 29
ageing-0.9-trap-48-length-3-8
# length: 27
ageing-0.9-trap-48-length-5
# name: evaluations
# type: matrix
# rows: 6
# columns: 20
 30205.0208333333 35283.2916666667 16683.9583333333 22000.7291666667 23714.3958333333 30368.9166666667 25959.4583333334 31109.3541666667 30650.4375000000 37872.3333333334 32763.9375000000 33376.8333333333 38296.3750000000 26595.4791666667 24267.5416666667 31918.4375000000 27464.2291666667 24718.0208333333 32943.3958333334 35643.4583333333
 20925.1250000000 28242.4583333334 22948.3750000000 26745.1875000000 24189.4791666667 27267.2083333334 25635.7708333333 31094.5833333333 26323.2916666667 27839.5833333333 20191.0625000000 24873.6875000000 26698.2291666667 32857.6666666667 22927.8750000000 30792.1875000000 25851.4791666667 26713.1458333333 25724.7291666667 25442.3125000000
 29336.0625000000 31675.3958333334 27676.8750000000 27321.6250000000 33977.0416666667 30983.2708333333 32018.7708333334 25990.0208333333 24162.6666666667 31197.5833333334 31916.9583333334 25697.5416666667 31240.3541666667 21473.9791666667 29376.9166666667 27324.6875000000 29627.2916666667 30768.8125000000 30782.8958333333 26487.3333333333
 31636.4583333333 35836.2083333333 26474.1666666667 33159.3958333333 27587.9166666667 26716.9375000000 28879.6250000000 29980.2500000000 38295.1875000000 24973.1875000000 22868.9375000000 25810.9166666667 37827.6249999999 18626.6666666667 24638.4791666667 31051.7083333334 28281.8333333334 34104.6250000000 24648.0625000000 23963.1250000000
 23762.5208333333 30248.2500000000 34292.9791666667 39847.4583333334 31731.1666666667 41205.8124999999 29679.5833333333 28411.6458333333 33350.4375000000 30597.0625000000 26919.7291666667 26809.1875000000 22742.1041666667 31022.4166666667 25417.6666666667 27825.7916666667 19175.2708333333 27742.8125000000 26009.3750000001 22569.8125000000
 27671.8125000000 20089.6250000000 21447.9166666667 20625.6250000000 34831.7083333333 32165.6458333333 23734.3333333333 27116.5000000000 25838.0833333333 28645.3541666667 37805.5208333333 24460.6250000000 29582.6666666667 31433.7916666667 31920.9791666667 23558.0416666667 26727.0208333333 30747.2500000000 27240.1041666667 27499.7500000000
# name: fitnesses
# type: matrix
# rows: 6
# columns: 20
 144 145 161 166 170 150 163 160 178 173 151 154 159 164 151 152 159 158 165 150
 177 176 163 171 170 173 153 182 153 158 175 169 175 155 163 164 158 162 168 156
 172 162 162 156 174 157 165 185 165 163 162 165 167 163 169 144 149 159 171 172
 180 161 153 179 173 165 168 157 165 147 169 162 165 154 165 154 161 169 161 165
 172 162 177 152 155 167 168 162 159 175 162 181 162 163 149 157 158 167 161 162
 170 160 153 147 159 151 186 156 171 169 158 167 179 166 175 156 163 165 181 171
