# Created by manolo on 2013.06.19_16.34.11 <manolo@pinwino2>
# name: runtime
# type: matrix
# rows: 7
# columns: 20
 105.396377086639 118.372327804565 120.326503992081 120.353870153427 120.263766050339 97.9991061687469 109.929312944412 114.346127986908 120.284395933151 96.1537101268768 120.887017011642 115.271173954010 98.8222320079803 118.997949123383 120.046700000763 120.155554056168 119.969263076782 120.310431003571 100.021935224533 107.807102203369
 115.648330926895 91.4192469120026 106.028939008713 107.169162988663 95.0269720554352 107.086064100266 99.1728401184082 65.5707039833069 61.2273569107056 102.065937995911 55.5713198184967 86.1176111698151 66.1741750240326 97.1890017986298 91.0240359306335 120.458201169968 92.8013088703156 89.7524759769440 82.3190050125122 115.180818080902
 85.0323190689087 101.705398082733 103.714533090591 119.879885911942 57.1852469444275 120.128767967224 99.2125530242920 93.6452131271362 53.2706079483032 93.3099238872528 107.617456912994 91.9632411003113 94.0810871124268 81.5971632003784 78.5952210426331 78.9657709598541 91.3615739345551 103.688287019730 75.9945340156555 97.8194751739502
 100.542495012283 87.1058790683746 75.8907148838043 93.1703219413757 73.7643461227417 82.9963240623474 102.473633050919 120.072093009949 55.2097191810608 99.6428029537201 24.1538968086243 101.652971982956 87.7157959938049 64.5127530097961 119.978940963745 93.7364220619202 72.1689548492432 120.032218933105 120.213577032089 79.2527489662170
 98.5649590492249 120.219909906387 120.197265863419 120.117067098618 120.163142919540 118.531682968140 103.020237922668 37.6305530071259 99.2532579898834 67.1022260189056 101.838245868683 77.1987819671631 75.9119811058044 112.105609893799 76.4292130470276 120.233577013016 85.7763020992279 88.5831859111786 63.5931260585785 120.232800006866
 69.0284152030945 88.8068239688873 55.0427310466766 120.402374982834 92.0562279224396 96.8372080326080 120.084338903427 113.342704057693 95.8118488788605 98.9511618614197 62.8339409828186 48.3720901012421 49.1136360168457 80.6532151699066 98.2533860206604 99.9276061058044 121.076323032379 120.093682050705 120.182049036026 114.036154031754
 120.154610157013 119.902637004852 93.6492028236389 120.617161035538 40.5221419334412 106.087383031845 118.562001943588 61.7417800426483 120.252902030945 80.9657199382782 104.330613851547 120.164541006088 120.246387004852 110.036031007767 75.8795118331909 87.9641439914703 120.072602987289 105.216070890427 90.4789919853210 110.311885118484
