# name: evaluations
# type: matrix
# rows: 7
# columns: 20
 71486.9000000000 92889.2499999999 81326.5500000000 90635.5500000000 77419.8500000000 67001.7000000000 77720 92250.7000000001 86426.3500000000 69853.5999999999 91973.7500000000 88521.0500000001 69692.7000000000 92379.5499999999 78305.6500000000 96803.1500000000 76796.8500000000 83443.0500000000 76524.8500000000 82771.6000000000
 78022.3000000000 63014.9500000000 63654.5500000000 59548.5500000000 68288 60603.6000000000 51868.2500000000 39582.1000000000 51667.6500000000 61893.1500000000 35333.9000000000 68390.1000000000 50267.8500000000 77250.5500000000 59303.9000000000 68392.6000000000 67440.6500000000 74065.3500000000 64907.8000000000 66552.4500000000
 48685 59685.4500000000 56695.1500000000 70659.3500000000 34378.6500000000 63879.5000000000 57681.0500000000 56672.1000000000 36875.3000000000 43374.7000000000 64957.2000000000 57355.6500000000 63401.2500000000 38522.9000000000 44234.6000000000 50408.7500000000 48411.2000000000 73082.9500000000 38375.6000000000 54906.6000000000
 51881.6000000000 41933.3500000000 47876.4500000000 65931.2000000000 47581.2500000000 52799.5000000000 65990.5000000000 92287.6500000001 49172.1500000000 56474.1500000000 14583.7000000000 60578.8500000000 43107.3000000000 32961.2500000000 57774.9000000000 44806.4500000000 31721.1000000000 51971.6500000000 45959.6500000000 57010.0500000000
 47625.4000000000 44382.5500000000 54413.5500000000 76643.6500000000 55360.5500000000 47033.6500000000 72021 17306.6000000000 40425.2500000000 39505.3000000000 30185.3500000001 32980.2500000001 42099.4500000000 40296.9000000000 43364.7000000000 42489 36380.8000000000 24755.6000000000 38527.2500000000 51182.4000000000
 31983.7000000000 48223.6500000000 20177.4500000000 46370.2500000001 50963 41402.2000000000 57927.4500000001 51925.7000000000 53386.3500000000 49637.9500000000 26667.7000000000 13998.8500000000 21586.9000000000 31158.9500000000 31643.8500000000 70217.1500000000 48371.1500000000 32892.7500000002 47058.2500000000 32231.9000000001
 63002.6000000000 79877.1000000000 62699.2000000000 63409.4500000000 32199.2500000000 64727.6500000000 80205.3499999999 42875.7500000000 79342.3500000000 59278.5000000000 55729.1499999999 68489.9000000000 94497.5500000000 76774.7500000000 48027.4500000000 70411 54818.2500000000 87655.0500000000 50278.0500000000 72577.3500000000
