# Created by manolo on 2013.06.20_20.35.47 <manolo@pinwino2>
# name: runtime
# type: matrix
# rows: 6
# columns: 20
 60.9943430423737 61.3464660644531 59.6712000370026 60.3886628150940 60.3615729808807 60.2221801280975 60.5531110763550 60.2039420604706 61.0678811073303 60.5359549522400 60.1699960231781 59.8973720073700 4.74065399169922 7.86779999732971 60.9790220260620 59.8993580341339 60.1924331188202 60.6885609626770 60.7754969596863 60.3723559379578
 14.8835401535034 8.42734313011169 59.8076817989349 60.0917499065399 60.0355370044708 60.3666429519653 60.3040230274200 60.3627071380615 60.1173219680786 60.0381269454956 60.0426568984985 59.9143061637878 60.7369918823242 0.953192949295044 60.2402338981628 59.9881041049957 61.1336939334869 0.767679929733276 60.0923678874969 59.7600400447845
 59.8006219863892 60.0406501293182 59.7132179737091 59.2496318817139 60.0765049457550 59.3893840312958 60.3272819519043 8.12944793701172 60.1815011501312 60.2719609737396 0.883859872817993 8.59108996391296 0.852982044219971 60.2711501121521 60.0763800144196 60.1098442077637 60.0697700977325 60.1601290702820 60.8318321704865 60.7777349948883
 60.3597199916840 60.0887389183044 59.4986410140991 60.1955189704895 60.0231618881226 60.1618978977203 60.2354340553284 60.2461118698120 61.6751730442047 4.02702498435974 60.5317301750183 60.2405149936676 2.13448309898376 60.2336828708649 4.43179798126221 60.0019781589508 59.9133250713348 60.4157860279083 60.2153079509735 60.1411290168762
 60.0702428817749 59.8834788799286 60.0798449516296 59.9895169734955 60.6958658695221 60.2063410282135 60.3921928405762 60.0160369873047 60.0019447803497 60.0458180904388 60.2128179073334 60.3017959594727 5.01949501037598 60.1538808345795 60.2006430625916 17.0501160621643 60.0875179767609 60.1195449829102 60.5809469223022 60.0930800437927
 59.8754198551178 6.21075296401978 60.8919560909271 60.1188118457794 60.1248300075531 60.1847198009491 60.0399050712585 60.1574978828430 60.0830068588257 60.0014359951019 59.7906820774078 60.3588569164276 60.1278779506683 60.3141160011292 60.1171929836273 59.9125261306763 60.2788751125336 3.49337482452393 60.1255550384521 59.8174648284912
