# name: evaluations
# type: matrix
# rows: 6
# columns: 20
 117424 102110 93600 307092 164727 101716 139772 206277 33448 77211 73988 143428 9772 18583 103157 75608 124649 161147 88511 219253
 60794 51853 272558 275787 216183 235822 265581 291267 264797 283631 318709 289319 308492 25073 318825 293243 335982 5950 281127 232930
 114768 277487 104219 89688 165272 470351 213862 11483 221759 185732 5972 17907 4201 77978 185787 277951 469397 146597 193087 125998
 267125 189737 296692 316104 308977 247400 267738 366154 352768 29590 352377 254737 32281 411702 37711 434812 224865 232237 359829 333929
 203193 50466 298161 35142 247337 292871 177500 154740 68821 188416 395632 227528 34018 300369 86986 65483 140421 190337 78468 221909
 212060 61927 229753 309893 358778 206540 258458 289663 215829 316342 339903 405086 197522 390971 303948 283989 231282 51164 297600 322928
