# name: fitnesses
# type: matrix
# rows: 7
# columns: 20
 197 187 192 179 185 184 185 213 198 181 175 196 194 176 166 197 186 177 184 176
 189 194 185 179 168 198 179 191 188 192 201 177 195 186 181 182 171 183 189 179
 184 174 197 171 172 181 177 188 189 178 213 188 174 186 172 170 180 201 185 191
 187 196 171 180 158 181 173 180 185 178 173 182 171 185 175 190 186 173 201 193
 174 171 180 204 191 196 170 174 177 164 186 176 180 189 178 178 162 165 164 175
 168 180 184 179 180 164 191 167 199 172 172 181 186 163 171 187 176 197 178 183
 189 176 195 191 178 174 182 199 183 198 171 186 171 206 182 172 188 205 185 168
