# Created by manolo on 2013.06.20_08.59.45 <manolo@pinwino2>
# name: runtime
# type: matrix
# rows: 7
# columns: 20
 120.309549093246 120.446455001831 120.359148025513 120.276031970978 120.253381967545 120.316534996033 120.396512985229 120.462987899780 120.452904939651 120.160043001175 120.396944999695 120.305799961090 120.547065019608 120.483941078186 120.295017004013 120.371686935425 120.154376983643 120.526257991791 120.382940053940 120.228736877441
 120.583161115646 120.325818061829 120.132678031921 120.525114774704 120.255299806595 120.491631031036 120.656213998795 120.569075107574 120.435775041580 120.252686977386 120.220765113831 120.304352998734 120.253916978836 120.445548057556 120.216616153717 120.268163919449 120.343068122864 120.183928966522 120.304157972336 120.435298919678
 120.387949943542 120.406855106354 120.189862966537 120.232360124588 120.538793087006 120.272114992142 120.371483087540 120.238260030746 120.369621038437 120.437046051025 120.334912061691 120.345912218094 120.472214937210 120.151134014130 120.457648992538 120.227555990219 120.349589109421 120.458666086197 120.232084989548 120.538448810577
 120.285378932953 120.086586952209 120.536493062973 120.159634113312 120.154813051224 120.261263132095 120.269618034363 120.465794086456 120.267318010330 120.378194093704 120.258985042572 120.526469945908 120.316781044006 120.158758878708 120.430763959885 120.104847908020 120.321923971176 120.296742916107 120.313533067703 120.275044918060
 120.325961112976 120.097332954407 120.357874870300 120.486267089844 120.069266080856 120.190684795380 120.380029916763 119.843307971954 119.911828041077 120.432089090347 120.160356998444 119.774518013000 121.048106193542 120.239165067673 120.326196193695 120.377420902252 120.295428991318 120.360522985458 120.265670061111 120.377355813980
 119.942919015884 120.204541921616 120.441014051437 120.182101964951 120.207536935806 120.131117820740 120.349097967148 120.172191143036 119.973231077194 120.222590923309 120.252130985260 120.255396842957 120.315598011017 120.273211002350 120.502095937729 120.218888044357 120.176054954529 120.243294954300 120.438008785248 120.253972053528
 120.312861919403 120.157263040543 120.311334848404 120.421998977661 120.321115016937 120.191967010498 120.211427927017 120.423384189606 120.535857915878 120.508511066437 121.097407817841 120.314431190491 120.510059118271 120.333040952682 120.502822875977 120.112958908081 120.328886985779 120.221705913544 118.859730958939 120.445456981659
