# name: evaluations
# type: matrix
# rows: 7
# columns: 20
 25630.7031250000 22079.5625000000 23000.8750000000 24475.8750000000 29738.9531250000 21687.5312500000 24747.4687500000 22226.8281250000 22791.9687500000 27268.1093750000 19421.7812500000 32618.7656250000 22775.6406250000 20962.5781250000 23757.2031250000 22614.5781250000 26259.8906250000 24983.5468750000 27196.7343750000 23586.1875000000
 19524.0468750000 21668.6406250000 23362.8437500000 17742.1406250000 18528.3125000000 21198.4218750000 20662.1250000000 20305.5000000000 20011.6093750000 24115.7656250000 22769.3593750000 21034.3906250000 27140.2031250000 23172.5937500000 23179.1093750000 18170.5312500000 19918.7812500000 20520.3906250000 19725.9062500000 16634.7656250000
 15477.7812500000 15335.2968750000 11506.1562500000 16174 19684.5000000000 15809.2343750000 24221.8281250000 18818.4062500000 17742.5625000000 13872.0312500000 13279.4843750000 16466.1875000000 18931.1718750000 18317.2656250000 12201.5156250000 14445.4062500000 30052.5468750000 25983.3125000000 20841.1875000000 18412.0468750000
 12526.4531250000 11370.1093750000 12754.3437500000 13293.4218750000 11778.1250000000 18250.6093750000 13294.8125000000 16006.2656250000 16818.6093750000 12531.0625000000 14936.2656250000 17289.4687500000 14442.1250000000 16751.2343750000 16733.7968750000 12834.2968750000 12415.5468750000 19273.1875000000 13069.1406250000 15091.5625000000
 13557.6250000000 12714.4062500000 16926.4531250000 14104.9687500000 16315.5468750000 14329.9062500000 11375.5937500000 9625.46875000000 13239.4843750000 15465.6562500000 15029.7500000000 16065.6406250000 11109.6562500000 11211.5625000000 13706.0781250000 11123.8750000000 10011.4531250000 11700.1875000000 12408.8750000000 10934.0937500000
 10417.9062500000 10422.5625000000 10671.4218750000 12907.9843750000 10394.1718750000 11240.0156250000 11858.1875000000 9659.57812500000 15153.8281250000 15319.8437500000 9765.31250000000 12719.7812500000 12131.6875000000 10592.9375000000 13567.1250000000 11024.7500000000 11028.9062500000 20894.7968750000 10160.9843750000 21908.8906250000
 21523.4375000000 17529.6406250000 15264.5468750000 18390.1718750000 17017.7500000000 14960.3437500000 11418.5625000000 17425.6875000000 19171.7500000000 16873.1406250000 16077.3593750000 19428.8125000000 16292.2031250000 26526.5156250000 21013.2187500000 19285.2500000000 15516.5000000000 21795.6250000000 18198.0312500000 14160.3750000000
