# Created by manolo on 2013.06.20_08.59.45 <manolo@pinwino2>
# name: runtime
# type: matrix
# rows: 7
# columns: 20
 120.309549093246 120.446455001831 120.359148025513 120.276031970978 120.253381967545 120.316534996033 120.396512985229 120.462987899780 120.452904939651 120.160043001175 120.396944999695 120.305799961090 120.547065019608 120.483941078186 120.295017004013 120.371686935425 120.154376983643 120.526257991791 120.382940053940 120.228736877441
 120.583161115646 120.325818061829 120.132678031921 120.525114774704 120.255299806595 120.491631031036 120.656213998795 120.569075107574 120.435775041580 120.252686977386 120.220765113831 120.304352998734 120.253916978836 120.445548057556 120.216616153717 120.268163919449 120.343068122864 120.183928966522 120.304157972336 120.435298919678
 120.387949943542 120.406855106354 120.189862966537 120.232360124588 120.538793087006 120.272114992142 120.371483087540 120.238260030746 120.369621038437 120.437046051025 120.334912061691 120.345912218094 120.472214937210 120.151134014130 120.457648992538 120.227555990219 120.349589109421 120.458666086197 120.232084989548 120.538448810577
 120.285378932953 120.086586952209 120.536493062973 120.159634113312 120.154813051224 120.261263132095 120.269618034363 120.465794086456 120.267318010330 120.378194093704 120.258985042572 120.526469945908 120.316781044006 120.158758878708 120.430763959885 120.104847908020 120.321923971176 120.296742916107 120.313533067703 120.275044918060
 120.325961112976 120.097332954407 120.357874870300 120.486267089844 120.069266080856 120.190684795380 120.380029916763 119.843307971954 119.911828041077 120.432089090347 120.160356998444 119.774518013000 121.048106193542 120.239165067673 120.326196193695 120.377420902252 120.295428991318 120.360522985458 120.265670061111 120.377355813980
 119.942919015884 120.204541921616 120.441014051437 120.182101964951 120.207536935806 120.131117820740 120.349097967148 120.172191143036 119.973231077194 120.222590923309 120.252130985260 120.255396842957 120.315598011017 120.273211002350 120.502095937729 120.218888044357 120.176054954529 120.243294954300 120.438008785248 120.253972053528
 120.312861919403 120.157263040543 120.311334848404 120.421998977661 120.321115016937 120.191967010498 120.211427927017 120.423384189606 120.535857915878 120.508511066437 121.097407817841 120.314431190491 120.510059118271 120.333040952682 120.502822875977 120.112958908081 120.328886985779 120.221705913544 118.859730958939 120.445456981659
# name: experiments
# type: string
# elements: 7
# length: 1
3
# length: 1
4
# length: 1
5
# length: 1
6
# length: 1
7
# length: 1
8
# length: 3
3-8
# name: evaluations
# type: matrix
# rows: 7
# columns: 20
 25630.7031250000 22079.5625000000 23000.8750000000 24475.8750000000 29738.9531250000 21687.5312500000 24747.4687500000 22226.8281250000 22791.9687500000 27268.1093750000 19421.7812500000 32618.7656250000 22775.6406250000 20962.5781250000 23757.2031250000 22614.5781250000 26259.8906250000 24983.5468750000 27196.7343750000 23586.1875000000
 19524.0468750000 21668.6406250000 23362.8437500000 17742.1406250000 18528.3125000000 21198.4218750000 20662.1250000000 20305.5000000000 20011.6093750000 24115.7656250000 22769.3593750000 21034.3906250000 27140.2031250000 23172.5937500000 23179.1093750000 18170.5312500000 19918.7812500000 20520.3906250000 19725.9062500000 16634.7656250000
 15477.7812500000 15335.2968750000 11506.1562500000 16174 19684.5000000000 15809.2343750000 24221.8281250000 18818.4062500000 17742.5625000000 13872.0312500000 13279.4843750000 16466.1875000000 18931.1718750000 18317.2656250000 12201.5156250000 14445.4062500000 30052.5468750000 25983.3125000000 20841.1875000000 18412.0468750000
 12526.4531250000 11370.1093750000 12754.3437500000 13293.4218750000 11778.1250000000 18250.6093750000 13294.8125000000 16006.2656250000 16818.6093750000 12531.0625000000 14936.2656250000 17289.4687500000 14442.1250000000 16751.2343750000 16733.7968750000 12834.2968750000 12415.5468750000 19273.1875000000 13069.1406250000 15091.5625000000
 13557.6250000000 12714.4062500000 16926.4531250000 14104.9687500000 16315.5468750000 14329.9062500000 11375.5937500000 9625.46875000000 13239.4843750000 15465.6562500000 15029.7500000000 16065.6406250000 11109.6562500000 11211.5625000000 13706.0781250000 11123.8750000000 10011.4531250000 11700.1875000000 12408.8750000000 10934.0937500000
 10417.9062500000 10422.5625000000 10671.4218750000 12907.9843750000 10394.1718750000 11240.0156250000 11858.1875000000 9659.57812500000 15153.8281250000 15319.8437500000 9765.31250000000 12719.7812500000 12131.6875000000 10592.9375000000 13567.1250000000 11024.7500000000 11028.9062500000 20894.7968750000 10160.9843750000 21908.8906250000
 21523.4375000000 17529.6406250000 15264.5468750000 18390.1718750000 17017.7500000000 14960.3437500000 11418.5625000000 17425.6875000000 19171.7500000000 16873.1406250000 16077.3593750000 19428.8125000000 16292.2031250000 26526.5156250000 21013.2187500000 19285.2500000000 15516.5000000000 21795.6250000000 18198.0312500000 14160.3750000000
# name: fitnesses
# type: matrix
# rows: 7
# columns: 20
 197 187 192 179 185 184 185 213 198 181 175 196 194 176 166 197 186 177 184 176
 189 194 185 179 168 198 179 191 188 192 201 177 195 186 181 182 171 183 189 179
 184 174 197 171 172 181 177 188 189 178 213 188 174 186 172 170 180 201 185 191
 187 196 171 180 158 181 173 180 185 178 173 182 171 185 175 190 186 173 201 193
 174 171 180 204 191 196 170 174 177 164 186 176 180 189 178 178 162 165 164 175
 168 180 184 179 180 164 191 167 199 172 172 181 186 163 171 187 176 197 178 183
 189 176 195 191 178 174 182 199 183 198 171 186 171 206 182 172 188 205 185 168
