# name: evaluations
# type: matrix
# rows: 9
# columns: 20
 17061.5000000001 7012.90000000000 24554 11884.8000000000 19110.4000000000 23775.9999999999 39676.2999999999 33018.9000000000 22222.2000000001 23284.2999999999 25454.7000000000 24832.5000000000 19608.1000000000 23509.7000000000 45941.2999999999 9987.89999999999 23175 27254.3000000001 19043.3000000000 33898.8000000001
 32154.4000000000 7624 32812.8000000000 31954.6000000000 19313.4000000000 32360.5000000000 25004.5000000000 19288.3000000000 31522.6000000000 27248.4000000000 26805.9000000000 47649.4999999999 22424.1000000000 20710.1000000000 14500.9000000000 25279 14936.6000000000 34560.4000000000 17243.7000000000 11331.1000000000
 26284.4000000000 25960.7000000000 22823.8000000000 24227.9000000000 32186.8000000000 21776.4000000000 31163.3000000000 23084.4000000000 28513.5000000000 34138.9000000000 20924 18233.0000000000 30137.3000000000 8251.30000000001 21201.3000000000 24926 14235.1000000000 45318.5000000000 24572.9000000000 35974.1000000001
 42151 21582.3000000000 16066.3000000000 23770.6000000000 26504.3000000000 33195.4000000000 10961.9000000000 27857.2000000000 30147.6000000000 7374 13629.9000000000 34084 22990 30884.9000000000 31294.3000000000 17910.8000000000 24967.1000000000 30770.3000000000 28508.6000000000 17665.7000000000
 22672.1000000000 26527.7000000000 21294.1000000000 23525.1000000000 29851.9000000000 12528.9000000000 28248.9000000000 26269.0000000000 31038.3000000000 35302.5000000000 28618.9000000000 34690.2000000000 18598.5000000000 41004.6000000000 20064.7000000000 19763.4000000000 45322 35495.8000000000 21346.8000000000 32067.0000000000
 34085.2000000000 8815.80000000000 21965.0000000000 34527.7000000000 6809.20000000000 37904 14223.7000000000 40696.6000000000 34631.9000000000 31483.8000000000 32732.4000000000 18978.0000000000 20534.1000000000 25376.2000000000 17076.7000000000 40657.1000000000 19446.1000000000 38169.9000000000 22719.3000000000 20462.2000000000
 41257.7000000000 30930.2000000000 33469.7000000000 26354.7000000000 15123.4000000000 36719.0000000000 27992.8000000000 11952.6000000000 32093.2000000000 31216.5000000000 24375.5000000000 16295.4000000000 18074.4000000000 37813.3000000000 22676.2000000000 38699.8000000000 28966.8000000000 38087.4000000000 39618.6000000000 14879.1000000000
 31693.1000000000 19538.8000000000 22802 27917.7000000000 28418.8000000000 27075.2000000000 14965.5000000000 27726.6000000000 26382.3000000000 12069.3000000000 27480.2000000000 35491.1000000000 34197.2000000000 32395.1000000000 29242.5000000000 33249.2000000000 26956.7000000000 48178.9000000000 18139.7000000000 11546.9000000000
 48656 24740.4000000000 26976.5000000000 14594.6000000000 38535.6000000000 30566.8000000000 15234.5000000000 46568.8000000000 30692.1000000000 26445.6000000000 18961.1000000000 31765.0000000000 37562.4000000000 35893.4000000000 17802.8000000000 22773.1000000000 49417.7000000000 18496.5000000000 40730.6000000000 25727.5000000000
