# Created by manolo on 2013.06.11_23.37.56 <manolo@pinwino2>
# name: runtime
# type: matrix
# rows: 9
# columns: 20
 98.0760550498962 22.6350619792938 164.666990995407 67.7721850872040 102.299715995789 125.891247034073 208.509986162186 221.027842044830 106.160797119141 90.9195249080658 120.269696950912 140.815364837646 100.142043828964 127.175822973251 260.662011146545 48.2559440135956 104.507075071335 122.676462888718 69.6334159374237 188.027351140976
 87.4596660137177 22.2647719383240 117.280702829361 76.1097960472107 71.3532609939575 120.493352890015 77.8938810825348 84.3014490604401 114.035189151764 100.709954977036 80.7887959480286 182.745563030243 79.3054280281067 74.3762300014496 48.5752558708191 77.2371370792389 52.4095890522003 135.180864095688 71.1145350933075 25.5552389621735
 122.664408922195 110.185297966003 81.7939488887787 95.3750560283661 84.6956930160522 63.8965170383453 110.620445966721 88.8018310070038 78.5619931221008 105.757905960083 64.8018059730530 55.4302699565887 110.518187999725 27.8181078433990 91.7356250286102 89.3021011352539 44.9194099903107 145.867908000946 106.721050977707 87.3147230148315
 244.964409112930 78.8120908737183 69.5632288455963 87.4359238147736 140.864799022675 147.229430913925 41.9161920547485 139.559819936752 127.310235023499 25.3409569263458 45.6805000305176 164.857870101929 89.5193359851837 138.195865869522 193.341813087463 96.0355930328369 114.891103029251 83.4309740066528 93.4341089725494 65.5857849121094
 30.5666050910950 60.5387489795685 48.0358171463013 39.0728359222412 62.4141640663147 21.7110159397125 60.9130539894104 53.4018659591675 64.6031498908997 95.3375589847565 72.1457369327545 92.4082088470459 34.9116790294647 104.771222114563 41.3408260345459 32.6087532043457 104.283952951431 78.3485078811646 47.1538288593292 48.9222869873047
 72.3526298999786 15.8823530673981 37.5511391162872 76.5882661342621 4.62766003608704 87.9315340518951 23.8838188648224 120.049386024475 80.6971709728241 87.3630831241608 51.6500580310822 49.4781999588013 39.4044680595398 47.5764820575714 44.2898049354553 118.582720041275 30.3127110004425 85.6051700115204 38.9929990768433 63.1614599227905
 132.261842012405 89.1489129066467 96.4198951721191 70.9559249877930 40.2034530639648 112.921164989471 58.1712639331818 24.5335550308228 85.2521550655365 71.7278461456299 59.7083408832550 38.2991600036621 44.4726538658142 131.980071067810 59.0498580932617 122.601789951324 69.2038478851318 100.012835979462 108.066735982895 26.2485079765320
 96.8775699138641 45.3768169879913 35.1872279644012 69.2016050815582 80.0337040424347 62.4959819316864 27.4884009361267 71.9485268592834 78.8864169120789 19.8038148880005 78.2898569107056 108.419826984406 61.6956608295441 88.9626638889313 78.7861449718475 111.962182998657 64.6376600265503 104.003802061081 27.6148078441620 12.9584288597107
 197.481027841568 127.411263942719 92.6083431243896 47.5202250480652 162.217839956284 126.739740133286 35.8945817947388 222.977450847626 131.364486932755 93.2154209613800 79.8401880264282 159.642003059387 135.319586038589 119.467602014542 56.0680530071259 86.9000258445740 227.363938093185 64.1087760925293 191.558793067932 101.292110919952
