# name: evaluations
# type: matrix
# rows: 7
# columns: 20
 13494.5000000000 7858.40000000000 14114.1000000000 13327.6000000000 14137 14231.5000000000 7795.40000000000 7297.20000000001 13919.4000000000 5639.40000000000 5847.90000000001 11657.6000000000 12869.7000000000 15394.1000000000 10442.9000000000 1076.70000000000 13140 13716.5000000000 11008 17254.5000000000
 10726.9000000000 17287.4000000000 16510.3000000000 19476.6000000000 8332.10000000000 11494.6000000000 11703.8000000000 17753.8000000000 11113.2000000000 12266.1000000000 10647.1000000000 17415.1000000000 10648.5000000000 8480.99999999999 13211.3000000000 15950.8000000000 13153.5000000000 14995.7000000000 14246.4000000000 10689.9000000000
 22168 33206.6000000000 32060 17958.3000000000 28081.9000000000 9590.60000000000 17125.1000000000 24426.1000000000 16486.0000000000 22853.7000000000 24698.8000000000 22287.8000000000 9024.60000000000 15381.6000000000 4590.60000000000 31803.9000000000 14544.3000000000 5770.10000000000 27436.2000000000 31700.7000000000
 16428.7000000000 13748.9000000000 9047.10000000000 9433.30000000001 9270.50000000000 7231.99999999999 3236.30000000000 9342.70000000000 16839.8000000000 22091.5000000000 16473.8000000000 6205.59999999999 15883.3000000000 6253.30000000000 19148.3000000000 4777.10000000000 19655.1000000000 3403.30000000000 14256.5000000000 5540.20000000000
 35823.0000000001 9196.10000000000 51943.8000000000 38283.4000000000 31757.4000000000 36093.0000000000 47469.4000000000 33978.0000000000 34182.0000000000 23309.1000000000 17223.8000000000 33045.1000000000 28854.9000000000 52253.3000000000 25044.0000000000 37425.0000000000 28587.8000000000 22020.3000000000 25797.6000000000 20913.4000000000
 15740.7000000000 12276.8000000000 8424.39999999999 7094.00000000001 10893.3000000000 1170.60000000000 18803.1000000000 5803.50000000000 12374.1000000000 12526.5000000000 14122.3000000000 3215.60000000000 7018.60000000000 13325.8000000000 13358 16090.9000000000 19681.5000000000 14046.8000000000 13596.6000000000 11863
 17220.3000000000 34171 18990.3000000000 14885.7000000000 33297.8000000000 18244.8000000000 20246.5000000000 23660.2000000000 36942.6000000000 30364.9000000000 19558.4000000000 23721.9000000000 27133.7000000000 17201.3000000000 19057.1000000000 20213.9000000000 8801.60000000000 20935.7000000000 21954.0000000000 28929.1000000000
