# Created by manolo on 2013.05.31_22.13.39 <manolo@pinwino2>
# name: runtime
# type: matrix
# rows: 7
# columns: 20
 17.3388290405273 11.6319231987000 18.4764578342438 17.7332839965820 20.0060238838196 20.4217369556427 11.8333370685577 9.85069608688354 18.6103038787842 7.94411420822144 8.10312891006470 15.9407739639282 17.0598440170288 22.4314649105072 13.1789519786835 2.24883794784546 19.1839730739594 18.7977209091187 15.0182571411133 24.5215981006622
 14.7248799800873 26.0347769260406 23.1118149757385 29.8111648559570 12.7518370151520 17.4570548534393 17.3283131122589 28.4447569847107 16.6395158767700 17.5929148197174 15.7698390483856 25.2269911766052 14.9557819366455 12.6899580955505 21.3850109577179 24.8074069023132 19.5886781215668 22.7880101203918 20.4135410785675 16.7774460315704
 18.2451550960541 25.9601650238037 27.5800840854645 15.2427818775177 21.3956141471863 8.28674292564392 16.8859410285950 18.7546899318695 13.8300070762634 17.3750350475311 19.2297570705414 20.6543140411377 7.76852703094482 12.2909419536591 4.34986114501953 25.1828739643097 12.2011730670929 4.16455888748169 20.5392129421234 24.8460118770599
 27.2139630317688 22.5487189292908 15.7355279922485 14.5786571502686 14.8250601291656 12.9438321590424 5.91934800148010 13.6172819137573 29.8503110408783 38.3902139663696 27.7196969985962 11.4290351867676 27.1659619808197 9.14723801612854 26.7561640739441 7.80972003936768 36.3501589298248 4.62383890151978 23.2930400371552 10.2978191375732
 22.3528161048889 4.56767702102661 31.0130980014801 20.7980868816376 17.6210370063782 23.3151509761810 26.1447181701660 19.5447051525116 20.9318590164185 13.2567620277405 10.8675389289856 19.6101350784302 18.5244200229645 32.5436379909515 15.5120038986206 22.1580479145050 16.4431350231171 14.2955408096313 14.2141399383545 13.5213060379028
 24.8393619060516 18.7545580863953 16.0326688289642 11.4882550239563 16.1486949920654 2.58109498023987 30.6654288768768 10.4500050544739 21.6674029827118 19.0088169574738 22.1492509841919 4.39781999588013 9.80581903457642 21.4148039817810 18.2603600025177 22.6149849891663 29.1903388500214 21.7984640598297 20.5193879604340 16.8549280166626
 11.0630860328674 25.4627239704132 11.0708239078522 8.95637392997742 26.0333020687103 12.0218410491943 12.3163719177246 16.5932600498199 22.8494338989258 22.2806539535522 13.8418369293213 13.3681731224060 15.8547019958496 12.2547709941864 13.1897468566895 12.7544989585876 6.96139812469482 12.4244360923767 14.2094900608063 17.6848700046539
