# Created by manolo on 2013.05.31_22.13.39 <manolo@pinwino2>
# name: runtime
# type: matrix
# rows: 7
# columns: 20
 17.3388290405273 11.6319231987000 18.4764578342438 17.7332839965820 20.0060238838196 20.4217369556427 11.8333370685577 9.85069608688354 18.6103038787842 7.94411420822144 8.10312891006470 15.9407739639282 17.0598440170288 22.4314649105072 13.1789519786835 2.24883794784546 19.1839730739594 18.7977209091187 15.0182571411133 24.5215981006622
 14.7248799800873 26.0347769260406 23.1118149757385 29.8111648559570 12.7518370151520 17.4570548534393 17.3283131122589 28.4447569847107 16.6395158767700 17.5929148197174 15.7698390483856 25.2269911766052 14.9557819366455 12.6899580955505 21.3850109577179 24.8074069023132 19.5886781215668 22.7880101203918 20.4135410785675 16.7774460315704
 18.2451550960541 25.9601650238037 27.5800840854645 15.2427818775177 21.3956141471863 8.28674292564392 16.8859410285950 18.7546899318695 13.8300070762634 17.3750350475311 19.2297570705414 20.6543140411377 7.76852703094482 12.2909419536591 4.34986114501953 25.1828739643097 12.2011730670929 4.16455888748169 20.5392129421234 24.8460118770599
 27.2139630317688 22.5487189292908 15.7355279922485 14.5786571502686 14.8250601291656 12.9438321590424 5.91934800148010 13.6172819137573 29.8503110408783 38.3902139663696 27.7196969985962 11.4290351867676 27.1659619808197 9.14723801612854 26.7561640739441 7.80972003936768 36.3501589298248 4.62383890151978 23.2930400371552 10.2978191375732
 22.3528161048889 4.56767702102661 31.0130980014801 20.7980868816376 17.6210370063782 23.3151509761810 26.1447181701660 19.5447051525116 20.9318590164185 13.2567620277405 10.8675389289856 19.6101350784302 18.5244200229645 32.5436379909515 15.5120038986206 22.1580479145050 16.4431350231171 14.2955408096313 14.2141399383545 13.5213060379028
 24.8393619060516 18.7545580863953 16.0326688289642 11.4882550239563 16.1486949920654 2.58109498023987 30.6654288768768 10.4500050544739 21.6674029827118 19.0088169574738 22.1492509841919 4.39781999588013 9.80581903457642 21.4148039817810 18.2603600025177 22.6149849891663 29.1903388500214 21.7984640598297 20.5193879604340 16.8549280166626
 11.0630860328674 25.4627239704132 11.0708239078522 8.95637392997742 26.0333020687103 12.0218410491943 12.3163719177246 16.5932600498199 22.8494338989258 22.2806539535522 13.8418369293213 13.3681731224060 15.8547019958496 12.2547709941864 13.1897468566895 12.7544989585876 6.96139812469482 12.4244360923767 14.2094900608063 17.6848700046539
# name: experiments
# type: string
# elements: 7
# length: 7
CL1-CR1
# length: 7
CL1-CR2
# length: 7
CL2-CR1
# length: 7
CL1-CR4
# length: 7
CL4-CR1
# length: 7
CL1-CR3
# length: 7
CL3-CR1
# name: evaluations
# type: matrix
# rows: 7
# columns: 20
 13494.5000000000 7858.40000000000 14114.1000000000 13327.6000000000 14137 14231.5000000000 7795.40000000000 7297.20000000001 13919.4000000000 5639.40000000000 5847.90000000001 11657.6000000000 12869.7000000000 15394.1000000000 10442.9000000000 1076.70000000000 13140 13716.5000000000 11008 17254.5000000000
 10726.9000000000 17287.4000000000 16510.3000000000 19476.6000000000 8332.10000000000 11494.6000000000 11703.8000000000 17753.8000000000 11113.2000000000 12266.1000000000 10647.1000000000 17415.1000000000 10648.5000000000 8480.99999999999 13211.3000000000 15950.8000000000 13153.5000000000 14995.7000000000 14246.4000000000 10689.9000000000
 22168 33206.6000000000 32060 17958.3000000000 28081.9000000000 9590.60000000000 17125.1000000000 24426.1000000000 16486.0000000000 22853.7000000000 24698.8000000000 22287.8000000000 9024.60000000000 15381.6000000000 4590.60000000000 31803.9000000000 14544.3000000000 5770.10000000000 27436.2000000000 31700.7000000000
 16428.7000000000 13748.9000000000 9047.10000000000 9433.30000000001 9270.50000000000 7231.99999999999 3236.30000000000 9342.70000000000 16839.8000000000 22091.5000000000 16473.8000000000 6205.59999999999 15883.3000000000 6253.30000000000 19148.3000000000 4777.10000000000 19655.1000000000 3403.30000000000 14256.5000000000 5540.20000000000
 35823.0000000001 9196.10000000000 51943.8000000000 38283.4000000000 31757.4000000000 36093.0000000000 47469.4000000000 33978.0000000000 34182.0000000000 23309.1000000000 17223.8000000000 33045.1000000000 28854.9000000000 52253.3000000000 25044.0000000000 37425.0000000000 28587.8000000000 22020.3000000000 25797.6000000000 20913.4000000000
 15740.7000000000 12276.8000000000 8424.39999999999 7094.00000000001 10893.3000000000 1170.60000000000 18803.1000000000 5803.50000000000 12374.1000000000 12526.5000000000 14122.3000000000 3215.60000000000 7018.60000000000 13325.8000000000 13358 16090.9000000000 19681.5000000000 14046.8000000000 13596.6000000000 11863
 17220.3000000000 34171 18990.3000000000 14885.7000000000 33297.8000000000 18244.8000000000 20246.5000000000 23660.2000000000 36942.6000000000 30364.9000000000 19558.4000000000 23721.9000000000 27133.7000000000 17201.3000000000 19057.1000000000 20213.9000000000 8801.60000000000 20935.7000000000 21954.0000000000 28929.1000000000
17.1993365287781 18.5907964706421 17.8100950717926 15.2802940607070 19.0345625877381 18.8816875219346 13.2789599895478 
17.1993365287781 18.5907964706421 17.8100950717926 15.2802940607070 19.0345625877381 18.8816875219346 13.2789599895478 
