# name: evaluations
# type: matrix
# rows: 7
# columns: 20
 12180.7000000000 16015.2000000000 21940.9999999999 19838.4000000000 13819.1000000000 11964.8000000000 16215.4000000000 11095 10636.4000000000 9597.90000000001 10392.1000000000 8972.09999999999 21994.5000000000 2630.50000000000 19665.1000000000 17314.9000000000 3646.80000000000 12637.3000000000 12583.3000000000 20405.8000000000
 24896.8000000001 16425 20908.8000000000 8102.99999999999 16568.8000000000 14110.4000000000 20965.8000000000 12167.5000000000 1757 16759.4000000000 19520.8000000000 14245.8000000000 12130.2000000000 10629.4000000000 25336.6000000000 21323 1628.40000000000 20282 9018.20000000000 6061
 26048 23109 8968.40000000001 23742.8000000000 13292.8000000000 19939.8000000000 22894.4000000000 20071.2000000000 23128.7000000000 14736.6000000000 21059.4000000000 22116.9000000000 15044.2000000000 19406.1000000000 16328.3000000000 15724.5000000000 22633.8000000000 14163.1000000000 37272.9000000000 18242.1000000000
 12661.1000000000 10892 13983.7000000000 19946.2000000000 17709.1000000000 9182.19999999999 24305.3000000000 5766.30000000000 13484.8000000000 3997.20000000000 17263.9000000000 16824.5000000000 19231.1000000000 10622.7000000000 14000.2000000000 7557.30000000001 9119.69999999999 21614.9000000000 6387.30000000000 7177.80000000000
 29365.8000000000 51263 47083 19178.1000000000 28199.3000000000 21706.9000000000 31884.1000000000 35341.3000000000 36707.8000000000 50846.8000000000 34243.4000000000 24834.0000000000 30243.2000000000 44975.3000000000 42665.4000000000 41779 33858.4000000000 41746.9000000000 36428.0000000000 4095.40000000000
 419.200000000000 4943.90000000000 23077 23577.9999999999 14456.2000000000 5374.50000000000 21371.8000000000 24522.4000000000 5733.10000000000 18139 16819.8000000000 18400.8000000000 8654.70000000001 22497.7000000000 15067.3000000000 27232.1000000000 27196.5999999999 15360.9000000000 16912.8000000000 14047.8000000000
 25154.7000000000 6071.10000000000 30858.3000000000 24892.8000000000 33904.2000000000 11220.7000000000 32274.9000000000 13769.8000000000 30932.9000000000 36738.5000000000 29779.0000000000 28855.0000000000 18935.3000000000 22917.4000000000 45426.5000000000 31893.2000000000 28162.6000000000 39466 29194.3000000000 29573.6000000000
