# Created by manolo on 2013.06.01_04.31.17 <manolo@pinwino2>
# name: runtime
# type: matrix
# rows: 7
# columns: 20
 18.8868348598480 20.8145389556885 30.7812230587006 27.0607860088348 20.2000701427460 19.4054841995239 23.1439571380615 17.4054300785065 16.7003109455109 14.4782111644745 15.3988041877747 12.7114369869232 34.6466760635376 3.97861599922180 28.8669261932373 25.2633190155029 6.63148593902588 19.5066599845886 19.7038650512695 30.1032140254974
 43.5911681652069 30.5407299995422 37.3567459583282 14.3723771572113 25.3105978965759 21.9812479019165 38.5344469547272 21.4772939682007 3.27983307838440 28.7263998985291 31.2130501270294 26.5654780864716 20.3818199634552 19.2219939231873 42.7486629486084 38.7402188777924 2.72387695312500 38.4863460063934 14.9515280723572 10.3696160316467
 23.5077679157257 24.4960048198700 8.29085206985474 26.1693398952484 11.8808829784393 19.1024148464203 21.0618689060211 19.2075431346893 23.5819258689880 15.5549058914185 21.0636019706726 22.0732469558716 14.8742010593414 20.7418918609619 14.4969491958618 15.3655090332031 20.0470719337463 14.3724780082703 28.7093091011047 18.5761098861694
 30.4817171096802 24.5398900508881 33.1361057758331 45.4113068580627 40.6816799640656 19.1994509696960 61.4140369892120 11.4247920513153 32.5742268562317 6.86757993698120 42.6599390506744 35.8043169975281 48.4251618385315 25.2583458423615 30.6428070068359 13.8957519531250 18.2966668605804 52.6955108642578 12.2858989238739 15.3234090805054
 19.1979889869690 31.8723230361938 34.6820938587189 13.6037888526917 17.9889569282532 15.5305659770966 21.5641331672668 24.1182830333710 26.4467709064484 37.1485180854797 21.0277130603790 20.6107158660889 23.2567999362946 29.3078920841217 30.7143418788910 26.3701660633087 24.5009260177612 32.4814929962158 25.9944047927856 3.08359313011169
 0.888918876647949 9.35253095626831 52.0435709953308 46.6856608390808 29.9203100204468 10.6428260803223 47.5881149768829 48.9850139617920 12.5146019458771 37.6237699985504 36.7709419727325 37.3243601322174 15.5869510173798 47.3522171974182 29.7160160541534 58.0045330524445 52.1129958629608 30.5447070598602 37.6891710758209 26.3023200035095
 21.5382180213928 2.86378502845764 26.6703410148621 19.9199211597443 25.5648150444031 9.26447892189026 26.4475529193878 11.0213210582733 26.4058451652527 27.2750029563904 22.5429511070251 24.4895060062408 16.1104819774628 19.1404690742493 39.8625638484955 27.8190200328827 24.3087949752808 30.0419759750366 19.5079450607300 22.3389639854431
