# Created by manolo on 2013.06.01_04.31.17 <manolo@pinwino2>
# name: runtime
# type: matrix
# rows: 7
# columns: 20
 18.8868348598480 20.8145389556885 30.7812230587006 27.0607860088348 20.2000701427460 19.4054841995239 23.1439571380615 17.4054300785065 16.7003109455109 14.4782111644745 15.3988041877747 12.7114369869232 34.6466760635376 3.97861599922180 28.8669261932373 25.2633190155029 6.63148593902588 19.5066599845886 19.7038650512695 30.1032140254974
 43.5911681652069 30.5407299995422 37.3567459583282 14.3723771572113 25.3105978965759 21.9812479019165 38.5344469547272 21.4772939682007 3.27983307838440 28.7263998985291 31.2130501270294 26.5654780864716 20.3818199634552 19.2219939231873 42.7486629486084 38.7402188777924 2.72387695312500 38.4863460063934 14.9515280723572 10.3696160316467
 23.5077679157257 24.4960048198700 8.29085206985474 26.1693398952484 11.8808829784393 19.1024148464203 21.0618689060211 19.2075431346893 23.5819258689880 15.5549058914185 21.0636019706726 22.0732469558716 14.8742010593414 20.7418918609619 14.4969491958618 15.3655090332031 20.0470719337463 14.3724780082703 28.7093091011047 18.5761098861694
 30.4817171096802 24.5398900508881 33.1361057758331 45.4113068580627 40.6816799640656 19.1994509696960 61.4140369892120 11.4247920513153 32.5742268562317 6.86757993698120 42.6599390506744 35.8043169975281 48.4251618385315 25.2583458423615 30.6428070068359 13.8957519531250 18.2966668605804 52.6955108642578 12.2858989238739 15.3234090805054
 19.1979889869690 31.8723230361938 34.6820938587189 13.6037888526917 17.9889569282532 15.5305659770966 21.5641331672668 24.1182830333710 26.4467709064484 37.1485180854797 21.0277130603790 20.6107158660889 23.2567999362946 29.3078920841217 30.7143418788910 26.3701660633087 24.5009260177612 32.4814929962158 25.9944047927856 3.08359313011169
 0.888918876647949 9.35253095626831 52.0435709953308 46.6856608390808 29.9203100204468 10.6428260803223 47.5881149768829 48.9850139617920 12.5146019458771 37.6237699985504 36.7709419727325 37.3243601322174 15.5869510173798 47.3522171974182 29.7160160541534 58.0045330524445 52.1129958629608 30.5447070598602 37.6891710758209 26.3023200035095
 21.5382180213928 2.86378502845764 26.6703410148621 19.9199211597443 25.5648150444031 9.26447892189026 26.4475529193878 11.0213210582733 26.4058451652527 27.2750029563904 22.5429511070251 24.4895060062408 16.1104819774628 19.1404690742493 39.8625638484955 27.8190200328827 24.3087949752808 30.0419759750366 19.5079450607300 22.3389639854431
# name: experiments
# type: string
# elements: 7
# length: 7
CL1-CR1
# length: 7
CL1-CR2
# length: 7
CL2-CR1
# length: 7
CL1-CR4
# length: 7
CL4-CR1
# length: 7
CL1-CR3
# length: 7
CL3-CR1
# name: evaluations
# type: matrix
# rows: 7
# columns: 20
 12180.7000000000 16015.2000000000 21940.9999999999 19838.4000000000 13819.1000000000 11964.8000000000 16215.4000000000 11095 10636.4000000000 9597.90000000001 10392.1000000000 8972.09999999999 21994.5000000000 2630.50000000000 19665.1000000000 17314.9000000000 3646.80000000000 12637.3000000000 12583.3000000000 20405.8000000000
 24896.8000000001 16425 20908.8000000000 8102.99999999999 16568.8000000000 14110.4000000000 20965.8000000000 12167.5000000000 1757 16759.4000000000 19520.8000000000 14245.8000000000 12130.2000000000 10629.4000000000 25336.6000000000 21323 1628.40000000000 20282 9018.20000000000 6061
 26048 23109 8968.40000000001 23742.8000000000 13292.8000000000 19939.8000000000 22894.4000000000 20071.2000000000 23128.7000000000 14736.6000000000 21059.4000000000 22116.9000000000 15044.2000000000 19406.1000000000 16328.3000000000 15724.5000000000 22633.8000000000 14163.1000000000 37272.9000000000 18242.1000000000
 12661.1000000000 10892 13983.7000000000 19946.2000000000 17709.1000000000 9182.19999999999 24305.3000000000 5766.30000000000 13484.8000000000 3997.20000000000 17263.9000000000 16824.5000000000 19231.1000000000 10622.7000000000 14000.2000000000 7557.30000000001 9119.69999999999 21614.9000000000 6387.30000000000 7177.80000000000
 29365.8000000000 51263 47083 19178.1000000000 28199.3000000000 21706.9000000000 31884.1000000000 35341.3000000000 36707.8000000000 50846.8000000000 34243.4000000000 24834.0000000000 30243.2000000000 44975.3000000000 42665.4000000000 41779 33858.4000000000 41746.9000000000 36428.0000000000 4095.40000000000
 419.200000000000 4943.90000000000 23077 23577.9999999999 14456.2000000000 5374.50000000000 21371.8000000000 24522.4000000000 5733.10000000000 18139 16819.8000000000 18400.8000000000 8654.70000000001 22497.7000000000 15067.3000000000 27232.1000000000 27196.5999999999 15360.9000000000 16912.8000000000 14047.8000000000
 25154.7000000000 6071.10000000000 30858.3000000000 24892.8000000000 33904.2000000000 11220.7000000000 32274.9000000000 13769.8000000000 30932.9000000000 36738.5000000000 29779.0000000000 28855.0000000000 18935.3000000000 22917.4000000000 45426.5000000000 31893.2000000000 28162.6000000000 39466 29194.3000000000 29573.6000000000
19.6052625179290 25.9380379915237 19.6273075342178 30.5622620582580 24.3096045255661 37.0476510524749 23.4258730411530 
19.6052625179290 25.9380379915237 19.6273075342178 30.5622620582580 24.3096045255661 37.0476510524749 23.4258730411530 
