# name: evaluations
# type: matrix
# rows: 7
# columns: 20
 18457.4000000000 10955.2000000000 17980.9000000000 18045.4000000000 10764.4000000000 7022.50000000000 17486.4000000000 1577.80000000000 6040.70000000000 15661.8000000000 12303.3000000000 10697.3000000000 20284.9000000000 3458 17381.1000000000 5895.19999999999 24038.7000000000 5581.50000000000 12749.6000000000 15881
 5099.20000000000 7363.79999999999 13223.5000000000 13255.3000000000 15746.5000000000 5695.10000000000 9091 12483.6000000000 15332.8000000000 18162.3000000000 9350.89999999998 13183.8000000000 11018.3000000000 17736.5000000000 14590.2000000000 13451.8000000000 15365.3000000000 12062.4000000000 3945.10000000000 10875.1000000000
 14172.5000000000 11321.3000000000 20384.6000000000 13751.6000000000 10184.4000000000 9133.20000000000 14719.3000000000 15229.4000000000 19391.4000000000 12874.9000000000 14402.9000000000 13443.2000000000 16809.9000000000 15902 14129.5000000000 15851.8000000000 15304.1000000000 14725.1000000000 6657.10000000000 6398.80000000000
 17565.8000000000 8104.09999999999 14467.9000000000 9196.10000000001 3460.60000000000 8774.40000000001 14982.9000000000 13123.3000000000 6357.69999999999 13256.4000000000 14661 11192.2000000000 15435.3000000000 6009.60000000000 19531.8000000000 9448.00000000001 18749.7000000000 7885.50000000000 18929.5000000000 3359.10000000000
 20413 16232.8000000000 15339.8000000000 16751.6000000000 14531 26222.4000000000 23424.3000000000 13867.8000000000 6216.20000000000 11597.5000000000 7260.90000000000 13574.9000000000 19752.7000000000 10766.5000000000 21862.4000000000 17699.6000000000 14514.4000000000 15885.6000000000 19014.7000000000 18666.2000000000
 3537.20000000000 13444.9000000000 6838.40000000001 10671.9000000000 11790.5000000000 14936.2000000000 8814.49999999998 14965.1000000000 12592.9000000000 17745.1000000000 10541.7000000000 20014.6000000000 8864.09999999998 12022.3000000000 7468.30000000000 6237.80000000000 7023.59999999999 13638.6000000000 9234.90000000001 19668.8000000000
 18019.4000000000 7859.10000000000 4844.80000000000 12303.8000000000 13728 16653.4000000000 9789.20000000000 15926 18227.5000000000 16539.6000000000 16397.0000000000 2237.70000000000 12426.7000000000 16222.5000000000 21480.1000000000 12144.6000000000 15905.2000000000 17162.4000000000 16020.5000000000 12695.6000000000
