# Created by manolo on 2013.06.01_13.21.35 <manolo@pinwino2>
# name: runtime
# type: matrix
# rows: 7
# columns: 20
 33.8189852237701 23.5517959594727 32.4467079639435 39.0648419857025 21.7252159118652 12.4984750747681 30.8366761207581 3.03855204582214 11.5089700222015 31.8441278934479 22.1175608634949 19.1763958930969 35.1907160282135 7.05921316146851 31.8356380462646 11.1519589424133 41.7319848537445 11.3728780746460 25.2550320625305 31.2477300167084
 11.3385069370270 20.3236110210419 39.0144588947296 33.7479729652405 44.7978749275208 13.1438879966736 24.3004770278931 39.2598810195923 47.3205761909485 49.3252830505371 24.4230878353119 31.8699080944061 33.0827779769897 50.5576210021973 39.1588439941406 33.2133240699768 43.4335799217224 29.4384479522705 10.0085170269012 28.1636130809784
 19.0847160816193 15.8170540332794 25.3866670131683 16.5477089881897 13.9653451442719 12.5963969230652 23.1418259143829 21.4814422130585 22.6235339641571 16.8954341411591 20.7064571380615 18.5807149410248 22.8019490242004 23.5208370685577 22.3809821605682 22.3494029045105 20.8801078796387 17.4293489456177 9.92220306396484 8.18725609779358
 74.9364969730377 31.6396529674530 58.7041149139404 31.5628361701965 9.51233696937561 34.1009619235992 55.0860190391541 51.8830790519714 21.6694600582123 50.3158087730408 60.7947409152985 47.9041368961334 69.7285170555115 18.5829010009766 86.6713070869446 41.1086940765381 85.4192309379578 28.3497219085693 77.6075100898743 9.88976216316223
 18.7990128993988 17.1296579837799 16.0319628715515 15.7063620090485 15.0457270145416 26.7159390449524 21.8340759277344 14.3166940212250 4.51804399490356 8.74521899223328 4.80066204071045 11.8330729007721 16.6575860977173 11.4325468540192 18.9030261039734 17.1571290493011 12.9588291645050 14.5637350082397 21.9073901176453 16.5483589172363
 10.6008849143982 54.2371590137482 19.5301208496094 38.0628898143768 38.8334882259369 54.0445008277893 29.8818981647491 48.1278629302979 42.8206350803375 59.2149250507355 32.1676108837128 69.5419249534607 33.0597920417786 40.7435641288757 22.3896780014038 17.8854041099548 20.4542410373688 47.5043959617615 28.2905201911926 82.1077818870544
 20.6842420101166 8.78007507324219 4.74949002265930 14.3518710136414 14.2835390567780 20.1905407905579 9.05509901046753 14.5799410343170 20.1724548339844 18.6045219898224 18.6754570007324 2.46602988243103 15.3422200679779 18.3405520915985 23.7303428649902 11.8724770545959 17.6698889732361 19.5858438014984 17.1119358539581 14.0327420234680
# name: experiments
# type: string
# elements: 7
# length: 7
CL1-CR1
# length: 7
CL1-CR2
# length: 7
CL2-CR1
# length: 7
CL1-CR4
# length: 7
CL4-CR1
# length: 7
CL1-CR3
# length: 7
CL3-CR1
# name: evaluations
# type: matrix
# rows: 7
# columns: 20
 18457.4000000000 10955.2000000000 17980.9000000000 18045.4000000000 10764.4000000000 7022.50000000000 17486.4000000000 1577.80000000000 6040.70000000000 15661.8000000000 12303.3000000000 10697.3000000000 20284.9000000000 3458 17381.1000000000 5895.19999999999 24038.7000000000 5581.50000000000 12749.6000000000 15881
 5099.20000000000 7363.79999999999 13223.5000000000 13255.3000000000 15746.5000000000 5695.10000000000 9091 12483.6000000000 15332.8000000000 18162.3000000000 9350.89999999998 13183.8000000000 11018.3000000000 17736.5000000000 14590.2000000000 13451.8000000000 15365.3000000000 12062.4000000000 3945.10000000000 10875.1000000000
 14172.5000000000 11321.3000000000 20384.6000000000 13751.6000000000 10184.4000000000 9133.20000000000 14719.3000000000 15229.4000000000 19391.4000000000 12874.9000000000 14402.9000000000 13443.2000000000 16809.9000000000 15902 14129.5000000000 15851.8000000000 15304.1000000000 14725.1000000000 6657.10000000000 6398.80000000000
 17565.8000000000 8104.09999999999 14467.9000000000 9196.10000000001 3460.60000000000 8774.40000000001 14982.9000000000 13123.3000000000 6357.69999999999 13256.4000000000 14661 11192.2000000000 15435.3000000000 6009.60000000000 19531.8000000000 9448.00000000001 18749.7000000000 7885.50000000000 18929.5000000000 3359.10000000000
 20413 16232.8000000000 15339.8000000000 16751.6000000000 14531 26222.4000000000 23424.3000000000 13867.8000000000 6216.20000000000 11597.5000000000 7260.90000000000 13574.9000000000 19752.7000000000 10766.5000000000 21862.4000000000 17699.6000000000 14514.4000000000 15885.6000000000 19014.7000000000 18666.2000000000
 3537.20000000000 13444.9000000000 6838.40000000001 10671.9000000000 11790.5000000000 14936.2000000000 8814.49999999998 14965.1000000000 12592.9000000000 17745.1000000000 10541.7000000000 20014.6000000000 8864.09999999998 12022.3000000000 7468.30000000000 6237.80000000000 7023.59999999999 13638.6000000000 9234.90000000001 19668.8000000000
 18019.4000000000 7859.10000000000 4844.80000000000 12303.8000000000 13728 16653.4000000000 9789.20000000000 15926 18227.5000000000 16539.6000000000 16397.0000000000 2237.70000000000 12426.7000000000 16222.5000000000 21480.1000000000 12144.6000000000 15905.2000000000 17162.4000000000 16020.5000000000 12695.6000000000
24.4034140110016 33.1480510234832 19.8955866098404 49.1099728345871 15.8691624403000 38.4481890201568 16.2270779609680 
24.4034140110016 33.1480510234832 19.8955866098404 49.1099728345871 15.8691624403000 38.4481890201568 16.2270779609680 
