# Created by manolo on 2013.06.11_05.44.53 <manolo@pinwino2>
# name: runtime
# type: matrix
# rows: 9
# columns: 20
 147.696893930435 59.0670421123505 80.7980899810791 66.3034930229187 39.2005109786987 82.8473601341248 141.328084945679 60.1639897823334 83.7214379310608 50.9995660781860 29.9521591663361 88.9710319042206 40.7080519199371 43.1471719741821 33.8795719146729 50.3021979331970 100.699784994125 142.283217906952 43.6417748928070 71.0751078128815
 20.7773590087891 82.5820140838623 49.2442460060120 49.4451010227203 34.1305639743805 40.0837831497192 104.313184976578 24.0455310344696 53.5387508869171 51.2334668636322 52.5205659866333 50.1170639991760 45.1590771675110 53.5714008808136 24.0152289867401 59.5381898880005 56.2079620361328 54.8694298267365 40.2320370674133 70.8798348903656
 23.5362920761108 28.0690310001373 26.9862549304962 56.3135871887207 0.601950168609619 40.3178050518036 48.9507889747620 64.6174960136414 41.5850369930267 34.7115559577942 32.6301801204681 57.4941599369049 7.17897605895996 23.6329491138458 41.1164009571075 49.7666988372803 51.2733108997345 37.0394289493561 49.4478991031647 55.2295830249786
 42.7691240310669 107.415477037430 16.2459359169006 65.7442469596863 62.4422960281372 76.5931050777435 59.6317110061646 61.8793311119080 70.3227970600128 13.2808969020844 109.879091978073 29.7562808990479 12.9737370014191 75.8482902050018 20.6708130836487 47.2898888587952 63.9661929607391 90.8381819725037 48.7961640357971 69.8717789649963
 49.0152080059052 57.6218969821930 64.9607410430908 61.6468591690063 25.4646809101105 33.1783719062805 48.9134039878845 48.9082372188568 29.5205571651459 22.7976629734039 47.2828540802002 59.0790710449219 60.2155787944794 36.0612850189209 60.2964200973511 35.2065799236298 35.0967230796814 32.0182168483734 25.3182449340820 58.0919079780579
 36.1172008514404 40.9602770805359 15.4027509689331 33.4236979484558 57.5092570781708 59.2050738334656 48.5057320594788 61.7858400344849 46.9904341697693 50.6058969497681 55.0995230674744 52.0347309112549 36.5611510276794 42.4588990211487 37.6060290336609 21.5417330265045 34.8104009628296 35.9770519733429 24.7687439918518 60.1290431022644
 62.5811910629272 70.2683451175690 61.3432750701904 28.4352729320526 80.0204758644104 27.9726638793945 85.7259399890900 57.7316930294037 71.5420968532562 56.3370020389557 68.2137370109558 59.9395449161530 73.5313148498535 56.7086939811707 5.54368090629578 108.269817113876 73.3152887821198 45.4276731014252 64.1067080497742 57.6270630359650
 30.8799850940704 42.0616738796234 63.9745001792908 57.6897602081299 49.1023519039154 18.4458930492401 52.7659289836884 58.7644779682159 44.3217201232910 54.3689551353455 55.5565760135651 38.6759209632874 84.0392858982086 26.0973219871521 35.0377810001373 62.6772999763489 42.7593960762024 67.7259809970856 43.1799280643463 26.7467648983002
 106.804531097412 69.3729078769684 99.9538509845734 66.0710000991821 78.2961859703064 100.941969871521 59.5633409023285 90.2310609817505 41.2873749732971 35.0582621097565 109.596287012100 69.1740550994873 49.5195589065552 28.5151460170746 63.1382319927216 21.8186020851135 97.1610960960388 78.6827740669250 70.8040268421173 38.5659711360931
