# name: evaluations
# type: matrix
# rows: 9
# columns: 20
 27577.1000000000 18817.3000000000 20758.7000000000 19722.5000000000 13184.2000000000 25238.6000000000 35830 16571.9000000000 22018.8999999999 14541.2000000000 8124.10000000001 28385.7000000000 10538 13795.7000000000 10434.6000000000 13450.7000000000 23016.2000000000 39092.9999999999 13952.4000000000 21261.2000000000
 18117.7000000000 43289.1000000000 24447.6000000000 27127.4000000000 17531.0000000000 21306.7000000000 41294.5000000000 14146.0000000000 24416 23323.6000000000 23426.3000000000 27379.4000000000 19524.3000000000 27339.6000000000 13217.3000000000 30292.1000000000 25952.9000000000 22990.3000000000 23500.5000000000 32669.8000000000
 15068.7000000000 22229.6000000000 23116.1000000000 28097.2000000000 1927.20000000000 26804.8000000000 25855.9000000000 36931 27049.6000000000 29069.5000000000 21293.1000000000 38242.6000000000 6069.50000000000 13401.7000000000 26055.7000000000 30763.1000000000 41491.8000000000 27183.8000000000 34370.5000000000 33002.1000000000
 18325.4000000000 52485.5000000000 12056.3000000000 36630.6999999999 32356.9000000000 32558.7000000000 26480.2000000000 22197.4000000000 33004.1000000000 8019.40000000000 41967 14524.1000000000 3915.60000000000 36078 16989.7000000000 21803.2000000000 25549.3000000000 38296.6999999999 24233.9000000000 30819.3000000000
 32277.6000000000 36086.1000000000 45287.1000000000 43660.8000000000 16692.0000000000 33173.7000000000 42343.4000000000 35877.9000000000 35867.2000000000 18712.9000000000 27891.1000000000 41728.6000000000 33288.4000000000 25520.7000000000 64385.4000000000 28031.2000000000 19454.2000000000 26170.7000000000 23282.6000000000 45513.3000000000
 32820.2000000000 36304.2000000000 22326.3000000000 35267.7000000000 55089.9000000000 61591.9000000000 53422.5000000000 58940.8000000000 60164.9000000000 43904.1000000000 56965.2000000000 40033.4000000000 55163.1000000000 45379.9000000000 37016.0000000000 24806.3000000000 31730.0000000000 37881.8000000000 28930.4000000000 52735.5000000000
 40298 58198.6000000000 40535.1000000000 27100.7000000000 55988.9000000000 17663.3000000000 49645.9000000000 35726.3000000000 45028.1000000000 45778.8000000000 35420.1000000000 37597.8000000000 69669.3000000000 46924.7000000000 8703.60000000000 77082.3999999998 63422.7000000000 35162.8000000000 38946.2000000000 45949.5000000000
 31947.8000000000 41843.9000000000 60552 56567 45836.4000000000 20656.9000000000 53181.5000000000 54874.7000000000 37963.1000000000 42107.3000000000 48668.1000000000 38188.2000000000 65484.3000000000 24662.3000000000 30140.7000000000 53199.3000000000 28780.2000000000 57285.5000000001 38524.8000000000 28033.4000000000
 82486.2999999999 33227.3000000000 68599.8000000000 49821.4000000000 32326.2000000000 46560 31545.2000000000 54564.5000000000 29905.2000000000 16444.9000000000 57586.3000000000 53639.8000000000 28780.6000000000 20798.8000000000 47186.9000000000 22379.5000000000 41924.0000000000 51999.2000000000 38771.2000000001 25195.9000000000
