# name: evaluations
# type: matrix
# rows: 9
# columns: 20
 8676.06250000000 27348.3125000000 7182.31250000000 13096.4375000000 29215.2500000000 6871.75000000000 31447.0625000000 38189.3750000000 8244.75000000000 79244.1875000000 38978 16146.3750000000 29864.0625000000 16863.1875000000 51221.5000000000 10109.4375000000 13827.0625000000 25268.1250000000 18574.1250000000 10333.8750000000
 7929.62500000000 37249 45086 66812.0625000000 41717.6250000000 48593.0625000000 16879.1875000000 13874.8750000000 10046.6875000000 15545.2500000000 37261.4375000000 14270.1875000000 22980 35933 35393.3750000000 41647.4375000000 75569.8750000000 9981.56250000000 3162.81250000000 41979.2500000000
 16483.1250000000 19494.8125000000 2621.93750000000 32763.3750000000 60009.1250000000 30210.1875000000 22223 32745.3750000000 26996.5625000000 29481.3125000000 16105 25789.7500000000 17309 4892.93750000000 24096.6250000000 11098 13850.1250000000 32669.4375000000 12112.6250000000 22544
 23443.3125000000 24656.9375000000 26634.8125000000 3884.87500000000 12576.0625000000 19200.1250000000 64526.1250000000 8969 53875.7500000000 77952.2500000000 16800.8750000000 16795.8125000000 20876.5000000000 16733.5625000000 39709.3750000000 11050.6250000000 50225.3125000000 18836.6250000000 20139.7500000000 32238.0625000000
 31321.3125000000 20209.8125000000 52026.9375000000 5794.81250000000 23186.1875000000 47282.3750000000 46983.1250000000 77975.5000000000 21124.3750000000 33570.8750000000 73721.5625000000 67693.7500000000 13948.3750000000 53381.5000000000 23286 18545.5000000000 6607 41403.3750000000 11453.4375000000 16080.4375000000
 21272.8125000000 14211.2500000000 69209.6250000000 23492.4375000000 74395.1875000000 35484.5000000000 220432.625000000 51169.6250000000 27398.1250000000 22443.3750000000 70372.3125000000 74717.5000000000 17159.3125000000 18829 39588 26436.3750000000 15825 21542.5000000000 16665.6250000000 34689.6875000000
 93412.8750000000 84226.6250000000 36067.5000000000 42788.1250000000 18888.3750000000 18693 13123.7500000000 20955.3750000000 81462.3125000000 32118 31088.0625000000 56202.2500000000 22297.4375000000 20536 17414.5625000000 12801.1875000000 56123.5625000000 134333.625000000 9647.75000000000 17507.5625000000
 14981 17806.5625000000 33953.3125000000 16430.9375000000 36815.5625000000 21485.0625000000 36967.6875000000 18159 33328.6875000000 9082.06250000000 8400.62500000000 26640.6250000000 35244.4375000000 9038.87500000000 3127.56250000000 66617.1875000000 40252.2500000000 32477.0625000000 16944.0625000000 99798.3125000000
 17844.5000000000 8625.68750000000 30109.3750000000 5521.06250000000 40425.3125000000 88966.3125000000 76002.4375000000 22009.5625000000 47732.8750000000 66231.5625000000 48244.1875000000 22335.5000000000 19391.1250000000 7268.37500000000 23094.3750000000 64129.6250000000 42080.8750000000 83226.5625000000 62307.4375000000 13310.5625000000
