# Created by manolo on 2013.06.09_22.44.03 <manolo@pinwino2>
# name: runtime
# type: matrix
# rows: 9
# columns: 20
 49.5365161895752 209.342097997665 40.4198069572449 87.7706639766693 148.587633132935 45.9586730003357 260.271368026733 261.911628961563 38.9390890598297 741.987882137299 360.445482969284 148.947155952454 167.661024093628 137.113594055176 357.319195985794 41.5443499088287 67.9336748123169 130.414617061615 162.798534870148 50.8416368961334
 34.3214728832245 149.615499019623 242.111754179001 332.063238143921 167.357740163803 197.298303127289 45.3117179870605 58.3893258571625 29.0675230026245 51.8261821269989 150.552895069122 54.4111888408661 104.983761072159 119.811603069305 100.358278036118 144.812370061874 318.710434913635 37.7408008575439 11.7978549003601 157.201665878296
 34.7315618991852 31.3179678916931 4.03041219711304 77.8197541236877 128.050876855850 74.0945470333099 48.1506030559540 99.2684850692749 56.9982450008392 66.7604291439056 41.1813509464264 40.5329601764679 29.9352619647980 7.94735789299011 61.9285421371460 23.9008820056915 32.0016927719116 86.3161530494690 18.3421390056610 34.7747409343719
 126.670166969299 127.373599052429 173.617398023605 6.28832888603210 64.2621099948883 87.0714380741119 277.587713003159 42.7801580429077 336.640969038010 359.064615011215 40.7604429721832 77.6498599052429 123.182354927063 39.0324990749359 119.076483011246 30.2982070446014 252.569132089615 74.7114880084991 74.3336730003357 158.011695861816
 117.153053998947 38.6827070713043 151.768477916718 18.1598200798035 70.8325347900391 114.038290023804 129.198990106583 188.626594066620 27.4361450672150 66.9418070316315 144.056504964828 159.764660835266 18.7510669231415 160.167599916458 74.1046848297119 39.8937771320343 13.1168701648712 111.258185148239 28.0384240150452 24.2857029438019
 29.4983668327332 15.9820859432220 115.893337011337 33.4291858673096 94.0394389629364 59.3255629539490 263.846307039261 100.129706144333 38.4278380870819 19.8281738758087 104.314845085144 135.909312963486 21.1499760150909 34.4664309024811 71.8810341358185 23.5718929767609 17.3585119247437 32.6204710006714 17.3837921619415 58.5405478477478
 255.112082004547 241.437665939331 98.5911109447479 147.358400106430 31.0465009212494 47.3425290584564 48.2074019908905 61.6655251979828 260.199795007706 79.4262239933014 98.0153570175171 190.225275039673 82.6334569454193 53.1321828365326 51.6882319450378 30.4907619953156 140.891240119934 348.804555892944 16.6645970344543 30.6509079933167
 15.7696049213409 28.1060039997101 40.4234759807587 17.0353739261627 49.8741140365601 32.2409110069275 59.4736480712891 16.9363451004028 37.8219809532166 11.7998569011688 6.51797389984131 28.2855329513550 53.2720179557800 11.2274949550629 5.48229193687439 97.4976749420166 57.2510859966278 33.1130418777466 22.4213387966156 140.439382076263
 55.0091459751129 14.8268048763275 71.2307140827179 17.8430070877075 125.204921960831 288.386706829071 224.577848911285 59.4266538619995 140.844981908798 174.752394914627 198.410677909851 42.7720119953156 39.6507351398468 10.9329710006714 62.1864640712738 118.243469953537 166.739299058914 437.565412044525 346.375695943832 24.3197031021118
# name: experiments
# type: string
# elements: 9
# length: 10
L1-CR1-RR1
# length: 10
L2-CR1-RR1
# length: 10
L2-CR1-RR2
# length: 10
L2-CR2-RR1
# length: 10
L4-CR1-RR1
# length: 10
L4-CR1-RR2
# length: 10
L4-CR2-RR1
# length: 10
L4-CR1-RR4
# length: 10
L4-CR4-RR1
# name: evaluations
# type: matrix
# rows: 9
# columns: 20
 8676.06250000000 27348.3125000000 7182.31250000000 13096.4375000000 29215.2500000000 6871.75000000000 31447.0625000000 38189.3750000000 8244.75000000000 79244.1875000000 38978 16146.3750000000 29864.0625000000 16863.1875000000 51221.5000000000 10109.4375000000 13827.0625000000 25268.1250000000 18574.1250000000 10333.8750000000
 7929.62500000000 37249 45086 66812.0625000000 41717.6250000000 48593.0625000000 16879.1875000000 13874.8750000000 10046.6875000000 15545.2500000000 37261.4375000000 14270.1875000000 22980 35933 35393.3750000000 41647.4375000000 75569.8750000000 9981.56250000000 3162.81250000000 41979.2500000000
 16483.1250000000 19494.8125000000 2621.93750000000 32763.3750000000 60009.1250000000 30210.1875000000 22223 32745.3750000000 26996.5625000000 29481.3125000000 16105 25789.7500000000 17309 4892.93750000000 24096.6250000000 11098 13850.1250000000 32669.4375000000 12112.6250000000 22544
 23443.3125000000 24656.9375000000 26634.8125000000 3884.87500000000 12576.0625000000 19200.1250000000 64526.1250000000 8969 53875.7500000000 77952.2500000000 16800.8750000000 16795.8125000000 20876.5000000000 16733.5625000000 39709.3750000000 11050.6250000000 50225.3125000000 18836.6250000000 20139.7500000000 32238.0625000000
 31321.3125000000 20209.8125000000 52026.9375000000 5794.81250000000 23186.1875000000 47282.3750000000 46983.1250000000 77975.5000000000 21124.3750000000 33570.8750000000 73721.5625000000 67693.7500000000 13948.3750000000 53381.5000000000 23286 18545.5000000000 6607 41403.3750000000 11453.4375000000 16080.4375000000
 21272.8125000000 14211.2500000000 69209.6250000000 23492.4375000000 74395.1875000000 35484.5000000000 220432.625000000 51169.6250000000 27398.1250000000 22443.3750000000 70372.3125000000 74717.5000000000 17159.3125000000 18829 39588 26436.3750000000 15825 21542.5000000000 16665.6250000000 34689.6875000000
 93412.8750000000 84226.6250000000 36067.5000000000 42788.1250000000 18888.3750000000 18693 13123.7500000000 20955.3750000000 81462.3125000000 32118 31088.0625000000 56202.2500000000 22297.4375000000 20536 17414.5625000000 12801.1875000000 56123.5625000000 134333.625000000 9647.75000000000 17507.5625000000
 14981 17806.5625000000 33953.3125000000 16430.9375000000 36815.5625000000 21485.0625000000 36967.6875000000 18159 33328.6875000000 9082.06250000000 8400.62500000000 26640.6250000000 35244.4375000000 9038.87500000000 3127.56250000000 66617.1875000000 40252.2500000000 32477.0625000000 16944.0625000000 99798.3125000000
 17844.5000000000 8625.68750000000 30109.3750000000 5521.06250000000 40425.3125000000 88966.3125000000 76002.4375000000 22009.5625000000 47732.8750000000 66231.5625000000 48244.1875000000 22335.5000000000 19391.1250000000 7268.37500000000 23094.3750000000 64129.6250000000 42080.8750000000 83226.5625000000 62307.4375000000 13310.5625000000
# name: fitnesses
# type: matrix
# rows: 9
# columns: 20
 64 64 64 64 64 64 64 64 64 64 64 64 64 64 64 64 64 64 64 64
 64 64 64 64 64 64 64 64 64 64 64 64 64 64 64 64 64 64 64 64
 64 64 64 64 64 64 64 64 64 64 64 64 64 64 64 64 64 64 64 64
 64 64 64 64 64 64 64 64 64 64 64 64 64 64 64 64 64 64 64 64
 64 64 64 64 64 64 64 64 64 64 64 64 64 64 64 64 64 64 64 64
 64 64 64 64 64 64 64 64 64 64 64 64 64 64 64 64 64 64 64 64
 64 64 64 64 64 64 64 64 64 64 64 64 64 64 64 64 64 64 64 64
 64 64 64 64 64 64 64 64 64 64 64 64 64 64 64 64 64 64 64 64
 64 64 64 64 64 64 64 64 64 64 64 64 64 64 64 64 64 64 64 64
