# name: evaluations
# type: matrix
# rows: 7
# columns: 20
 9732.12500000000 6060.68750000000 11435.8750000000 5454.37500000000 2721.37500000000 10486.3750000000 7801.81250000000 3975.81250000000 1544.75000000000 5991.62500000000 1818.93750000000 3680.75000000000 6486.68750000000 2897.37500000000 5606.75000000000 5673.43750000000 6016.31250000000 6232.25000000000 5326 8127.75000000000
 4074.06250000000 3992.12500000000 2548.75000000000 10252.3125000000 10488.1875000000 5212.06250000000 5991.25000000000 6933.68750000000 7793 6164.81250000000 5236 2728 2613.68750000000 5932.18750000000 5922.31250000000 3721.56250000000 6156.25000000000 6141.06250000000 2291.68750000000 4631.31250000000
 5408.62500000000 2679.37500000000 7836.43750000000 7870.25000000000 6313.68750000000 4695.43750000000 4896.93750000000 2723.18750000000 5814.37500000000 2466.75000000000 4692.06250000000 6272.68750000000 4964.81250000000 3802.12500000000 5409.43750000000 3495.37500000000 6124.81250000000 4943 4654.50000000000 1337
 4253.43750000000 7202.93750000000 5829.37500000000 12274.6250000000 5381.37500000000 5905.37500000000 4702.62500000000 12027.4375000000 8040.87500000000 2699.56250000000 5376.43750000000 4005.75000000000 6593.43750000000 6698.31250000000 3087.56250000000 3521.37500000000 3484.37500000000 6571.68750000000 5051.56250000000 6458.06250000000
 12476.7500000000 7996.75000000000 6664 3463.50000000000 13479.2500000000 8144.50000000000 8923.87500000000 13683.1250000000 11615.7500000000 10121.7500000000 9428.18750000000 8059 7846.50000000000 8356.06250000000 9470.43750000000 14555.5000000000 10673.2500000000 9488.31250000000 3003.81250000000 12310.8125000000
 11540.8125000000 5399.37500000000 4206.31250000000 4995.18750000000 6218.62500000000 7214.43750000000 3104.31250000000 13364.6250000000 5506.68750000000 4954.50000000000 3364.12500000000 5725.68750000000 7436.18750000000 2445.81250000000 6708.06250000000 5027.87500000000 8525.06250000000 4701.31250000000 8936.68750000000 6360
 9985.75000000000 7255.50000000000 5156 6152.81250000000 13094.8750000000 7229.87500000000 5068.87500000000 10342.8125000000 9012.12500000000 14844.8750000000 10781.1250000000 7041.43750000000 14834.6875000000 12505.9375000000 5521.93750000000 12949.8750000000 11670.7500000000 7107.62500000000 14619.0625000000 8772.81250000000
