# Created by manolo on 2013.06.01_09.43.16 <manolo@pinwino2>
# name: runtime
# type: matrix
# rows: 7
# columns: 20
 20.9053280353546 13.4590940475464 22.9930400848389 12.3188631534576 6.96342301368713 20.0998699665070 17.2762658596039 6.21325397491455 2.58811497688293 14.1853208541870 3.76635479927063 7.02343702316284 12.8638880252838 4.97704410552979 11.9958200454712 13.2686119079590 11.1773729324341 11.5977468490601 11.3186810016632 17.6354718208313
 10.4791531562805 11.2533168792725 7.68842601776123 29.6540579795837 24.9282779693604 17.0225992202759 12.4550220966339 19.7761180400848 26.8528258800507 19.5192379951477 14.5529878139496 7.99455308914185 7.04245281219482 14.2152621746063 18.5393598079681 8.36705613136292 20.4944050312042 17.3774278163910 5.69330811500549 10.7473599910736
 7.60293006896973 3.67752218246460 11.9902579784393 14.7579360008240 9.35887789726257 6.89095282554626 7.36733818054199 3.43579101562500 7.39735198020935 3.39953112602234 6.54525804519653 9.80874800682068 5.23940110206604 6.42762708663940 7.92257905006409 5.36737108230591 9.27863407135010 6.65926384925842 7.17900204658508 1.21818494796753
 14.9198679924011 26.6336579322815 24.2321729660034 52.4005899429321 20.1700010299683 22.9918470382690 17.8445529937744 54.6503710746765 31.4951951503754 9.07033991813660 18.4700751304626 10.1019709110260 27.3692190647125 22.7498581409454 9.14421105384827 11.6981649398804 9.24657392501831 27.9599277973175 16.4241640567780 24.7098429203033
 13.0206677913666 7.60164904594421 7.01915812492371 3.12814188003540 14.7487218379974 7.96060490608215 7.43697690963745 12.6786329746246 12.2901020050049 13.6686401367188 9.66079998016357 7.39713311195374 8.33090305328369 8.11588597297668 10.1807899475098 14.3877542018890 12.2065958976746 9.25826811790466 2.88703894615173 11.3629109859467
 43.4131829738617 12.7604610919952 13.4175140857697 15.9645040035248 20.4020509719849 18.3540060520172 9.82121777534485 48.7956140041351 18.3331818580627 16.5851368904114 10.0266060829163 16.8538858890533 21.2443509101868 5.69830799102783 26.5428290367126 16.5569119453430 27.5165669918060 17.0844528675079 27.2417690753937 20.5658690929413
 12.9311170578003 7.29986000061035 5.07553005218506 7.94597291946411 18.6903281211853 9.73113989830017 7.32129192352295 13.8744399547577 12.0476288795471 16.5448369979858 11.0086951255798 8.61243319511414 17.6754410266876 18.7967579364777 7.60754799842834 15.3383710384369 15.7646720409393 7.21046710014343 15.1950330734253 9.06434822082520
# name: experiments
# type: string
# elements: 7
# length: 7
CL1-CR1
# length: 7
CL1-CR2
# length: 7
CL2-CR1
# length: 7
CL1-CR4
# length: 7
CL4-CR1
# length: 7
CL1-CR3
# length: 7
CL3-CR1
# name: evaluations
# type: matrix
# rows: 7
# columns: 20
 9732.12500000000 6060.68750000000 11435.8750000000 5454.37500000000 2721.37500000000 10486.3750000000 7801.81250000000 3975.81250000000 1544.75000000000 5991.62500000000 1818.93750000000 3680.75000000000 6486.68750000000 2897.37500000000 5606.75000000000 5673.43750000000 6016.31250000000 6232.25000000000 5326 8127.75000000000
 4074.06250000000 3992.12500000000 2548.75000000000 10252.3125000000 10488.1875000000 5212.06250000000 5991.25000000000 6933.68750000000 7793 6164.81250000000 5236 2728 2613.68750000000 5932.18750000000 5922.31250000000 3721.56250000000 6156.25000000000 6141.06250000000 2291.68750000000 4631.31250000000
 5408.62500000000 2679.37500000000 7836.43750000000 7870.25000000000 6313.68750000000 4695.43750000000 4896.93750000000 2723.18750000000 5814.37500000000 2466.75000000000 4692.06250000000 6272.68750000000 4964.81250000000 3802.12500000000 5409.43750000000 3495.37500000000 6124.81250000000 4943 4654.50000000000 1337
 4253.43750000000 7202.93750000000 5829.37500000000 12274.6250000000 5381.37500000000 5905.37500000000 4702.62500000000 12027.4375000000 8040.87500000000 2699.56250000000 5376.43750000000 4005.75000000000 6593.43750000000 6698.31250000000 3087.56250000000 3521.37500000000 3484.37500000000 6571.68750000000 5051.56250000000 6458.06250000000
 12476.7500000000 7996.75000000000 6664 3463.50000000000 13479.2500000000 8144.50000000000 8923.87500000000 13683.1250000000 11615.7500000000 10121.7500000000 9428.18750000000 8059 7846.50000000000 8356.06250000000 9470.43750000000 14555.5000000000 10673.2500000000 9488.31250000000 3003.81250000000 12310.8125000000
 11540.8125000000 5399.37500000000 4206.31250000000 4995.18750000000 6218.62500000000 7214.43750000000 3104.31250000000 13364.6250000000 5506.68750000000 4954.50000000000 3364.12500000000 5725.68750000000 7436.18750000000 2445.81250000000 6708.06250000000 5027.87500000000 8525.06250000000 4701.31250000000 8936.68750000000 6360
 9985.75000000000 7255.50000000000 5156 6152.81250000000 13094.8750000000 7229.87500000000 5068.87500000000 10342.8125000000 9012.12500000000 14844.8750000000 10781.1250000000 7041.43750000000 14834.6875000000 12505.9375000000 5521.93750000000 12949.8750000000 11670.7500000000 7107.62500000000 14619.0625000000 8772.81250000000
12.1573415994644 14.3841249942780 7.03497743606567 21.4599295854568 9.45953404903412 17.7088173627853 11.5281620025634 
