# name: evaluations
# type: matrix
# rows: 7
# columns: 20
 11779.9000000000 14412 9882.70000000002 11696.9000000000 9214.79999999999 11432.9000000000 15417.8000000000 14643.4000000000 16326.7000000001 16690.4000000000 14469.4000000000 3409.30000000000 9737.40000000001 8217.10000000001 13499.1000000000 11646.7000000000 13451.3000000000 9501.19999999999 1269.30000000000 13009.7000000000
 12269.5000000000 12436.9000000000 18182.7000000000 14392.8000000000 11356.4000000000 9175.50000000001 12417.8000000000 2528.90000000000 9154.50000000000 13629.9000000000 15465 14154.3000000000 14860.3000000000 13312 7331.40000000000 11478.2000000000 9264.90000000001 21537.5999999999 11294.6000000000 11627.3000000000
 10861.4000000000 17584.5000000000 6851.90000000000 14113.1000000000 13538.4000000000 9859.90000000000 18914.5000000000 20859.3000000000 21817.2000000000 22728.1000000000 20248.9000000000 21891.5000000000 18012.8000000000 18754.2000000000 18392.0000000000 20354.6000000000 9886.59999999999 16105.8000000000 13623.7000000000 23059
 14538.2000000000 6875.00000000001 9343.79999999999 21296.9000000000 7373.59999999999 14293.5000000000 14265.8000000000 7530.30000000000 5040.20000000000 14237 13678.6000000000 10031.1000000000 15364.3000000000 16508.5000000000 8834.00000000001 11314.3000000000 10373.6000000000 9513 15565.6000000000 13909.1000000000
 14753 29347.9000000000 29859.1000000000 37045.6000000001 13707.4000000000 17748.9000000000 8921.50000000000 27562.0000000000 21014.3000000000 17629.0000000000 18755.8000000000 24436.8000000000 29782.9000000000 31868.6000000000 31191.9000000000 24974.9000000000 27554.8000000000 13619.3000000000 28907.6000000000 33210.3000000000
 9937.40000000000 11351.6000000000 6995.99999999999 5670.30000000000 15648.4000000000 15836.7000000000 16295.7000000000 10373.3000000000 14349.3000000000 5074.70000000000 7225.30000000000 12072.8000000000 4390 12761.6000000000 17391.8000000001 19628.1000000000 21062.7000000000 20433.7000000000 9019.20000000001 11543.4000000000
 24173.8000000000 24811.0000000000 31396.4000000000 29515.3000000000 21833.1000000000 25201.4000000001 28115.3000000000 2784.70000000000 15832.5000000000 12848.5000000000 9464.40000000000 21634.6000000000 20329.1000000000 9810.20000000000 26418.3000000000 22935.6000000000 13440.1000000000 26778.1000000000 33077.2000000000 13133.0000000000
