# Created by manolo on 2013.06.01_01.16.31 <manolo@pinwino2>
# name: runtime
# type: matrix
# rows: 7
# columns: 20
 19.1210601329803 20.8208038806915 14.8597040176392 18.0222721099854 16.1713840961456 15.9880189895630 24.0972189903259 21.1888129711151 23.2896230220795 20.9403660297394 23.5521640777588 5.23949193954468 15.0717048645020 13.8319151401520 22.1331779956818 17.3995161056519 18.3986001014709 15.2474470138550 2.52688694000244 20.3649439811707
 20.4811599254608 21.5837938785553 32.3731899261475 23.3413238525391 20.1767439842224 16.7946200370789 24.1285388469696 4.00238490104675 16.2087130546570 25.1317350864410 27.7511370182037 22.7935938835144 24.8858368396759 22.3443031311035 12.6106369495392 19.7558331489563 14.5274529457092 32.6051599979401 18.4484000205994 18.8600389957428
 10.7214250564575 17.5633428096771 7.33818221092224 15.2760159969330 12.7914168834686 9.64781808853149 18.7568311691284 18.5388369560242 19.4637320041656 21.4019241333008 16.7583198547363 23.1534910202026 15.9695498943329 21.4189741611481 16.6078789234161 15.8128919601440 9.51354408264160 16.3094820976257 14.1411941051483 19.8812260627747
 29.0796301364899 14.9623889923096 18.5164921283722 43.2071959972382 14.3620049953461 26.8384089469910 32.2612760066986 16.1352488994598 9.13412594795227 28.1014759540558 30.0874960422516 22.0510528087616 36.0005991458893 36.1923449039459 18.1685130596161 21.5487289428711 21.6238389015198 18.9507420063019 31.1682729721069 24.5157480239868
 10.2147390842438 19.5316560268402 20.5787899494171 24.6917729377747 8.61670207977295 13.1106121540070 6.66663599014282 22.0580420494080 13.1069929599762 11.2180628776550 12.1242771148682 15.2080399990082 22.2301280498505 23.1790089607239 22.5638890266418 15.4312100410461 18.8932690620422 10.4372959136963 18.0364220142365 22.5519049167633
 17.3292930126190 18.9343259334564 12.1470670700073 10.7953910827637 26.3234310150146 30.4381258487701 33.0313231945038 17.0415642261505 26.2641298770905 9.93512201309204 12.6799571514130 22.1413979530334 8.07695913314819 25.4435830116272 31.0233390331268 38.4570360183716 39.0293588638306 35.4606111049652 17.5879349708557 18.9888579845428
 17.5255160331726 17.7518630027771 24.7706160545349 23.3597278594971 16.9227640628815 18.3452799320221 19.0148911476135 2.45996809005737 12.4063000679016 10.8497769832611 7.74059391021729 15.3570649623871 14.3377509117126 8.05685806274414 20.0819962024689 15.0032019615173 10.6671671867371 21.2047460079193 23.1326398849487 11.7189791202545
# name: experiments
# type: string
# elements: 7
# length: 7
CL1-CR1
# length: 7
CL1-CR2
# length: 7
CL2-CR1
# length: 7
CL1-CR4
# length: 7
CL4-CR1
# length: 7
CL1-CR3
# length: 7
CL3-CR1
# name: evaluations
# type: matrix
# rows: 7
# columns: 20
 11779.9000000000 14412 9882.70000000002 11696.9000000000 9214.79999999999 11432.9000000000 15417.8000000000 14643.4000000000 16326.7000000001 16690.4000000000 14469.4000000000 3409.30000000000 9737.40000000001 8217.10000000001 13499.1000000000 11646.7000000000 13451.3000000000 9501.19999999999 1269.30000000000 13009.7000000000
 12269.5000000000 12436.9000000000 18182.7000000000 14392.8000000000 11356.4000000000 9175.50000000001 12417.8000000000 2528.90000000000 9154.50000000000 13629.9000000000 15465 14154.3000000000 14860.3000000000 13312 7331.40000000000 11478.2000000000 9264.90000000001 21537.5999999999 11294.6000000000 11627.3000000000
 10861.4000000000 17584.5000000000 6851.90000000000 14113.1000000000 13538.4000000000 9859.90000000000 18914.5000000000 20859.3000000000 21817.2000000000 22728.1000000000 20248.9000000000 21891.5000000000 18012.8000000000 18754.2000000000 18392.0000000000 20354.6000000000 9886.59999999999 16105.8000000000 13623.7000000000 23059
 14538.2000000000 6875.00000000001 9343.79999999999 21296.9000000000 7373.59999999999 14293.5000000000 14265.8000000000 7530.30000000000 5040.20000000000 14237 13678.6000000000 10031.1000000000 15364.3000000000 16508.5000000000 8834.00000000001 11314.3000000000 10373.6000000000 9513 15565.6000000000 13909.1000000000
 14753 29347.9000000000 29859.1000000000 37045.6000000001 13707.4000000000 17748.9000000000 8921.50000000000 27562.0000000000 21014.3000000000 17629.0000000000 18755.8000000000 24436.8000000000 29782.9000000000 31868.6000000000 31191.9000000000 24974.9000000000 27554.8000000000 13619.3000000000 28907.6000000000 33210.3000000000
 9937.40000000000 11351.6000000000 6995.99999999999 5670.30000000000 15648.4000000000 15836.7000000000 16295.7000000000 10373.3000000000 14349.3000000000 5074.70000000000 7225.30000000000 12072.8000000000 4390 12761.6000000000 17391.8000000001 19628.1000000000 21062.7000000000 20433.7000000000 9019.20000000001 11543.4000000000
 24173.8000000000 24811.0000000000 31396.4000000000 29515.3000000000 21833.1000000000 25201.4000000001 28115.3000000000 2784.70000000000 15832.5000000000 12848.5000000000 9464.40000000000 21634.6000000000 20329.1000000000 9810.20000000000 26418.3000000000 22935.6000000000 13440.1000000000 26778.1000000000 33077.2000000000 13133.0000000000
18.2104361057281 21.0324769020080 16.4586805105209 23.2834004163742 16.7338160276413 20.5651279687881 16.1399145126343 
18.2104361057281 21.0324769020080 16.4586805105209 23.2834004163742 16.7338160276413 20.5651279687881 16.1399145126343 
