# name: evaluations
# type: matrix
# rows: 9
# columns: 20
 19555.4375000000 17895.6250000000 14254.0625000000 39010.1250000000 15141.1250000000 42375.1875000000 11713.5000000000 10954.1250000000 27134.5000000000 9009.12500000000 12205.6250000000 46812.5000000000 19938.5000000000 23793.4375000000 19672.9375000000 15389.1875000000 6819.68750000000 9886.81250000000 9627.87500000000 8220.62500000000
 33761.5000000000 52577.6250000000 27932 33646.2500000000 19106.7500000000 41855 12997.8750000000 35675.2500000000 9949.06250000000 8959.50000000000 29392.4375000000 38072 17723.6875000000 10464.6250000000 17825.1250000000 56426 32915.6250000000 15637.4375000000 17699 7914.81250000000
 24689.5625000000 20758.8750000000 23972.5625000000 65722.3750000000 7966.31250000000 25283.5625000000 14728.3750000000 28546.8125000000 25967.8750000000 22791.8750000000 46972.3750000000 28550 11723.2500000000 13132.1875000000 14180.1250000000 24851 16351.3750000000 45201.3750000000 12247.7500000000 18520.7500000000
 9791.06250000000 35016.9375000000 13042.1875000000 20562.5000000000 72197.0625000000 58628.9375000000 39513.3750000000 58275.8750000000 18692.0625000000 35507.2500000000 13148.5625000000 43411 42459.3750000000 40704.6875000000 17296 32649.3125000000 75122.8750000000 46486.1250000000 38914.9375000000 14267.7500000000
 3662.37500000000 14249.0625000000 76008.3750000000 10392.8125000000 49457.0625000000 48331.0625000000 33215.2500000000 27606.3125000000 49691.1875000000 33528.9375000000 48679.5000000000 46949.6250000000 8974.87500000000 45982.5625000000 22877.8125000000 6410.31250000000 14578.7500000000 35245.5000000000 87039.9375000000 51830.6250000000
 9691.75000000000 8592.18750000000 42660.3125000000 15144.3750000000 21568.8750000000 48790.1875000000 20090.7500000000 18140.1250000000 32850.8125000000 51476.8125000000 12219.5625000000 39172.0625000000 23576.5625000000 5412.43750000000 24859.1250000000 59127.5625000000 33255.7500000000 23376.1250000000 22336.4375000000 44635.0625000000
 11817.4375000000 14884.5625000000 37211.8750000000 28261.3125000000 53497.7500000000 30003.1250000000 93491.9375000000 42004.5625000000 48931.0625000000 21198.2500000000 6908.25000000000 23656.6875000000 22312.8125000000 80363.5000000000 56100.9375000000 40295.2500000000 22611.6250000000 15611.0625000000 6269 18118
 15496.7500000000 29187.4375000000 9299.25000000000 22883.1250000000 46752.8750000000 24691.5625000000 49181.8750000000 50407.5625000000 16799.5000000000 45208.3125000000 26879.9375000000 5572.18750000000 9586.81250000000 28559.6875000000 18487.2500000000 25556.8750000000 12286.4375000000 16344 16329.6875000000 20625.3750000000
 33034.4375000000 24028 13257.6875000000 20417.7500000000 4807.06250000000 25969.8750000000 38045.9375000000 15879.2500000000 10383.8750000000 25408.8125000000 20983.3750000000 59593.1875000000 50705.3750000000 64213 31085.0625000000 36320.3750000000 14165.8125000000 25030.3125000000 31122 18369.3125000000
