# Created by manolo on 2013.06.10_20.29.03 <manolo@pinwino2>
# name: runtime
# type: matrix
# rows: 9
# columns: 20
 164.698765039444 234.203260183334 94.5956099033356 348.389900207520 91.6219990253448 412.903970003128 97.1600921154022 84.5052051544189 199.721956014633 32.3349161148071 111.185067892075 433.157942056656 248.449630022049 136.008129835129 156.170428991318 128.258441209793 19.0498139858246 48.4205210208893 79.3236610889435 32.2862701416016
 184.849485874176 223.953548908234 142.189011096954 129.332063913345 85.3252849578857 166.142786979675 30.9389939308167 176.429291963577 27.0815651416779 19.5660529136658 170.484672069550 184.959129095078 43.5885500907898 41.6752960681915 96.9353370666504 304.426309108734 145.723016023636 47.5535230636597 81.9327211380005 21.6406228542328
 58.8139178752899 56.7448210716248 65.2987799644470 201.118872880936 17.6520450115204 58.1399509906769 49.2251889705658 67.7649698257446 68.7809410095215 39.7609448432922 111.990976810455 86.0832080841064 20.0647089481354 24.1858620643616 46.3335781097412 77.4805331230164 31.7851479053497 142.643786907196 35.5005238056183 39.5618619918823
 39.7859339714050 151.480953931808 55.2566089630127 76.0079929828644 512.357241868973 437.798531055450 270.636057853699 432.403584003448 82.4117000102997 176.915398836136 66.2498939037323 247.084959030151 258.453832149506 257.836517095566 81.0030171871185 248.349035978317 504.731956005096 222.723749876022 179.791687965393 51.2046608924866
 8.61634397506714 22.5479149818420 213.903172969818 15.9647550582886 155.566457033157 123.523772954941 120.687270164490 39.6395030021667 89.0152010917664 95.6167850494385 127.705287933350 162.026031970978 18.7816619873047 140.900990009308 45.4035820960999 19.9747807979584 43.7639479637146 43.3815259933472 210.602420091629 98.2360241413116
 15.4695980548859 12.4627039432526 112.115633010864 28.9941830635071 42.0286240577698 103.737205982208 57.1887989044189 31.9384279251099 62.9796299934387 65.7043340206146 17.8405349254608 95.6556298732758 39.8148801326752 11.5965001583099 35.8375799655914 95.8625028133392 65.8984470367432 52.3315720558167 49.6287698745728 58.5258660316467
 37.5567510128021 38.1697440147400 148.368381023407 86.8172640800476 180.049581050873 54.1913847923279 343.280846834183 144.920705080032 112.024394035339 67.7980999946594 12.7098729610443 52.5190219879150 56.8748309612274 258.661067008972 173.233776092529 120.226181983948 121.789381027222 44.9228718280792 8.91786003112793 32.0354449748993
 29.3977530002594 66.3665459156036 21.9941427707672 34.5623848438263 88.0266959667206 43.0346810817719 116.406888961792 99.2238788604736 27.7899761199951 88.0881240367889 39.2393898963928 12.6335339546204 17.9000210762024 47.3521988391876 27.2493541240692 33.6087558269501 16.9580500125885 34.3080778121948 30.7579331398010 35.7249557971954
 97.9073860645294 61.1635069847107 27.9862458705902 53.5712580680847 9.68589186668396 55.3220839500427 87.9520640373230 64.2857351303101 25.4334008693695 53.4542591571808 40.0523231029510 169.210772037506 209.012408018112 178.668549060822 103.773046970367 93.4800159931183 36.6304159164429 47.1379568576813 99.4545168876648 36.3629870414734
# name: experiments
# type: string
# elements: 9
# length: 10
L1-CR1-RR1
# length: 10
L2-CR1-RR1
# length: 10
L2-CR1-RR2
# length: 10
L2-CR2-RR1
# length: 10
L4-CR1-RR1
# length: 10
L4-CR1-RR2
# length: 10
L4-CR2-RR1
# length: 10
L4-CR1-RR4
# length: 10
L4-CR4-RR1
# name: evaluations
# type: matrix
# rows: 9
# columns: 20
 19555.4375000000 17895.6250000000 14254.0625000000 39010.1250000000 15141.1250000000 42375.1875000000 11713.5000000000 10954.1250000000 27134.5000000000 9009.12500000000 12205.6250000000 46812.5000000000 19938.5000000000 23793.4375000000 19672.9375000000 15389.1875000000 6819.68750000000 9886.81250000000 9627.87500000000 8220.62500000000
 33761.5000000000 52577.6250000000 27932 33646.2500000000 19106.7500000000 41855 12997.8750000000 35675.2500000000 9949.06250000000 8959.50000000000 29392.4375000000 38072 17723.6875000000 10464.6250000000 17825.1250000000 56426 32915.6250000000 15637.4375000000 17699 7914.81250000000
 24689.5625000000 20758.8750000000 23972.5625000000 65722.3750000000 7966.31250000000 25283.5625000000 14728.3750000000 28546.8125000000 25967.8750000000 22791.8750000000 46972.3750000000 28550 11723.2500000000 13132.1875000000 14180.1250000000 24851 16351.3750000000 45201.3750000000 12247.7500000000 18520.7500000000
 9791.06250000000 35016.9375000000 13042.1875000000 20562.5000000000 72197.0625000000 58628.9375000000 39513.3750000000 58275.8750000000 18692.0625000000 35507.2500000000 13148.5625000000 43411 42459.3750000000 40704.6875000000 17296 32649.3125000000 75122.8750000000 46486.1250000000 38914.9375000000 14267.7500000000
 3662.37500000000 14249.0625000000 76008.3750000000 10392.8125000000 49457.0625000000 48331.0625000000 33215.2500000000 27606.3125000000 49691.1875000000 33528.9375000000 48679.5000000000 46949.6250000000 8974.87500000000 45982.5625000000 22877.8125000000 6410.31250000000 14578.7500000000 35245.5000000000 87039.9375000000 51830.6250000000
 9691.75000000000 8592.18750000000 42660.3125000000 15144.3750000000 21568.8750000000 48790.1875000000 20090.7500000000 18140.1250000000 32850.8125000000 51476.8125000000 12219.5625000000 39172.0625000000 23576.5625000000 5412.43750000000 24859.1250000000 59127.5625000000 33255.7500000000 23376.1250000000 22336.4375000000 44635.0625000000
 11817.4375000000 14884.5625000000 37211.8750000000 28261.3125000000 53497.7500000000 30003.1250000000 93491.9375000000 42004.5625000000 48931.0625000000 21198.2500000000 6908.25000000000 23656.6875000000 22312.8125000000 80363.5000000000 56100.9375000000 40295.2500000000 22611.6250000000 15611.0625000000 6269 18118
 15496.7500000000 29187.4375000000 9299.25000000000 22883.1250000000 46752.8750000000 24691.5625000000 49181.8750000000 50407.5625000000 16799.5000000000 45208.3125000000 26879.9375000000 5572.18750000000 9586.81250000000 28559.6875000000 18487.2500000000 25556.8750000000 12286.4375000000 16344 16329.6875000000 20625.3750000000
 33034.4375000000 24028 13257.6875000000 20417.7500000000 4807.06250000000 25969.8750000000 38045.9375000000 15879.2500000000 10383.8750000000 25408.8125000000 20983.3750000000 59593.1875000000 50705.3750000000 64213 31085.0625000000 36320.3750000000 14165.8125000000 25030.3125000000 31122 18369.3125000000
# name: fitnesses
# type: matrix
# rows: 9
# columns: 20
 64 64 64 64 64 64 64 64 64 64 64 64 64 64 64 64 64 64 64 64
 64 64 64 64 64 64 64 64 64 64 64 64 64 64 64 64 64 64 64 64
 64 64 64 64 64 64 64 64 64 64 64 64 64 64 64 64 64 64 64 64
 64 64 64 64 64 64 64 64 64 64 64 64 64 64 64 64 64 64 64 64
 64 64 64 64 64 64 64 64 64 64 64 64 64 64 64 64 64 64 64 64
 64 64 64 64 64 64 64 64 64 64 64 64 64 64 64 64 64 64 64 64
 64 64 64 64 64 64 64 64 64 64 64 64 64 64 64 64 64 64 64 64
 64 64 64 64 64 64 64 64 64 64 64 64 64 64 64 64 64 64 64 64
 64 64 64 64 64 64 64 64 64 64 64 64 64 64 64 64 64 64 64 64
