# Created by manolo on 2013.06.09_09.01.18 <manolo@pinwino2>
# name: runtime
# type: matrix
# rows: 9
# columns: 20
 12.6876780986786 404.392873048782 129.363265991211 28.3555190563202 207.560827016830 465.942277908325 221.947643995285 508.471626043320 168.754070043564 97.4257378578186 115.883080959320 516.152096033096 66.9282190799713 174.530920028687 214.192540168762 726.697883129120 81.0857398509979 412.651957035065 237.217487096786 80.3810648918152
 59.2482879161835 84.2013630867004 75.6307368278503 40.7639820575714 113.513176918030 112.387234926224 16.8426630496979 28.4347980022430 119.321873903275 96.6985061168671 47.5610730648041 254.884376049042 210.137074947357 157.081449031830 452.963065862656 62.6913781166077 85.2311367988586 100.620072841644 72.8565518856049 193.772902965546
 31.3813340663910 59.4450120925903 26.0732109546661 56.5343220233917 69.5162348747253 41.1418199539185 58.1310260295868 47.1579198837280 14.2328898906708 100.264713048935 95.2399489879608 67.6761960983276 43.0950500965118 29.9189651012421 23.7465288639069 29.6156759262085 25.1632590293884 46.7935171127319 53.7956130504608 61.6315729618073
 153.697626113892 173.097270011902 107.701910972595 141.060322999954 113.298694133759 574.547848939896 69.4036679267883 147.342109918594 31.5102438926697 80.4353640079498 245.454165935516 29.0617198944092 32.4043729305267 54.4527170658112 90.0735459327698 63.5412149429321 88.3429789543152 213.695815086365 142.260854959488 126.321074962616
 6.27228379249573 80.9266288280487 45.6335799694061 141.504534959793 132.092720985413 30.4473841190338 56.1829619407654 54.3232161998749 59.1016030311584 32.1153540611267 72.3584001064301 276.752498149872 87.5407991409302 31.0179178714752 79.2980399131775 109.511224031448 54.7404520511627 280.082762002945 147.527201890945 164.624404907227
 43.6273939609528 86.6190187931061 159.335780858994 38.5545558929443 53.7015709877014 67.4572029113770 54.4759550094604 57.8597230911255 70.1878280639648 39.4220170974731 52.0294110774994 30.8465888500214 53.7627451419830 27.6387379169464 53.8259320259094 94.7815370559692 32.6869800090790 26.7039361000061 138.103662967682 24.3701620101929
 59.1979930400848 24.6969709396362 138.450751781464 52.5591609477997 99.8919069766998 90.2666242122650 100.113551139832 187.195017099380 171.593719959259 51.8504099845886 126.392086029053 28.1262800693512 100.863468885422 50.0696630477905 61.6285779476166 69.1347529888153 122.108305931091 217.157542943954 64.2063150405884 68.5051717758179
 71.8131229877472 55.1631791591644 28.9906229972839 22.4902260303497 13.6663880348206 23.1792140007019 36.2944390773773 5.71534419059753 20.3439331054688 78.3152968883514 34.8884141445160 36.9729738235474 26.9539668560028 48.4445409774780 51.0457611083984 17.5050978660583 32.4155871868134 45.2817540168762 38.0204689502716 62.4898619651794
 49.8784110546112 109.999528169632 55.1341221332550 89.1044797897339 102.703081846237 40.6593341827393 112.291641950607 105.230248928070 283.239097833633 97.4498069286346 27.7442860603333 150.899594068527 262.515497922897 66.5363099575043 84.1874871253967 41.0064148902893 85.4654209613800 47.6558439731598 49.4137389659882 270.885760068893
