# name: evaluations
# type: matrix
# rows: 9
# columns: 20
 2517.06250000000 52862.1250000000 19397.6875000000 3480.43750000000 29545.8750000000 58428.4375000000 25998.8125000000 53829.4375000000 19488 15481.6250000000 18632.3750000000 71037.7500000000 13546.8750000000 27639.2500000000 33402.8750000000 74775 14830.3125000000 56744.6250000000 35198.6250000000 14541.6250000000
 21834.5000000000 21141.2500000000 20440 13230.8750000000 39530.8125000000 29170.3750000000 7245.62500000000 8523.37500000000 22574.4375000000 26970.8750000000 10259.8750000000 58665.3125000000 44500.1875000000 38936.8125000000 98208 16360.9375000000 24391.3750000000 18925.0625000000 11147.4375000000 57561.8750000000
 11888.9375000000 41461.6250000000 12643.0625000000 19665.6875000000 31110.5625000000 19134.6250000000 21012.9375000000 23607.3750000000 9483.31250000000 46796.0625000000 59967.4375000000 36045.0625000000 29332 22920.6250000000 17754.2500000000 13190.6250000000 10093.3125000000 25834 28277.5625000000 23954.7500000000
 33669.5000000000 47586.5625000000 42538.6875000000 29531.3750000000 21374.5000000000 92828.2500000000 22089 44631.6875000000 14152.9375000000 22161.1875000000 56559.0625000000 8424.31250000000 21815.1250000000 14456 18495.1250000000 13960 27160.9375000000 36328.2500000000 29126.5000000000 22786.6875000000
 5558.25000000000 41473.9375000000 28362.3125000000 52621.1875000000 46650.5000000000 17908.9375000000 17079.9375000000 26796.9375000000 29306.6875000000 18596.6250000000 38596.4375000000 74828 33507.7500000000 15659.8750000000 37276.5000000000 59855.6875000000 22711.5000000000 96895.9375000000 61291.5000000000 54845.5000000000
 27273.5625000000 62932.7500000000 111185.625000000 22776.3125000000 54504.6250000000 58163.1250000000 35255.1875000000 46613.7500000000 45623.9375000000 25530.6875000000 30497.3125000000 28114.8750000000 49901.6875000000 30152.7500000000 33560 81822.6250000000 36006.5000000000 30394.1250000000 86334.6875000000 20931.8750000000
 35012.6875000000 15585.5625000000 41712.9375000000 26125.8750000000 33262.8125000000 31668 31052 59463.5625000000 62563.2500000000 21482.6875000000 34634.6875000000 15222 41589.6250000000 30537.6875000000 57635 17364.0625000000 48668.5625000000 79079.3125000000 23638.4375000000 29864.5000000000
 64913.8750000000 46608.1875000000 36829.0625000000 18136.3125000000 14365.3750000000 18495.3750000000 37378.2500000000 7657 11663.7500000000 70494.8750000000 30474 42449.3750000000 27849.5625000000 39488.3125000000 53339.6250000000 21199.5000000000 23553 36523.1250000000 39163.5625000000 45578.7500000000
 28200.8125000000 44281.4375000000 15384.3750000000 41181.6875000000 41060.3750000000 27098.9375000000 33475.3125000000 30156.5000000000 78315.7500000000 42018.8750000000 14570.8750000000 30222 72802.8125000000 22001.3125000000 25564.5625000000 18803.2500000000 34397.5000000000 12735.1875000000 16307.0625000000 78609.8125000000
