# name: evaluations
# type: matrix
# rows: 7
# columns: 20
 3840.81250000000 4213.12500000000 4662.93750000000 6093.43750000000 4101.68750000000 11150.7500000000 2570.18750000000 11499.3750000000 9080.37500000000 10957.5000000000 7013.56250000000 8212.62500000000 6965.50000000000 16167.6250000000 3298.25000000000 2760.50000000000 3253.37500000000 5430 10936.1250000000 6420.31250000000
 6819.18750000000 7090.56250000000 10227.2500000000 7415.37500000000 6351 12429.6250000000 6919.31250000000 8488.43750000000 6648.93750000000 4468.81250000000 3563.18750000000 8633.50000000000 3894.62500000000 8990.81250000000 11760.5000000000 5974.25000000000 2729.68750000000 6685 8531.93750000000 9445.56250000000
 18919.5625000000 13693.8125000000 20483.8125000000 14368.5625000000 13947.7500000000 18592.4375000000 8933.81250000000 7002.87500000000 10217.8125000000 7774.93750000000 23650.7500000000 5953.06250000000 9219.87500000000 12773.1250000000 12830.2500000000 15883.2500000000 9939.75000000000 8406.06250000000 6790.31250000000 16608.8750000000
 9833.62500000000 4663.56250000000 11141.7500000000 5122.31250000000 6101.87500000000 8186.18750000000 11015.9375000000 3494 6434.93750000000 10808.7500000000 7537.81250000000 8689.18750000000 8108.75000000000 2800.93750000000 6381.43750000000 6117.12500000000 7612.06250000000 1294.18750000000 12774.6250000000 6208.81250000000
 25800.6250000000 27362.6875000000 12941.3125000000 18004.8750000000 17449.4375000000 19743.5000000000 15703.8125000000 27419.5000000000 17759.1250000000 25323.0625000000 6592.06250000000 4917.18750000000 11751.5625000000 12562.9375000000 26389.8750000000 23003.6250000000 26283.4375000000 10603.1250000000 30015.6250000000 17851
 7947.31250000000 5276.31250000000 2986.68750000000 7704.31250000000 11307.1875000000 15690.1250000000 1902.62500000000 7246.12500000000 5246.06250000000 11023.8750000000 1365.75000000000 6799 11791.8750000000 14125.7500000000 7450.75000000000 5627.50000000000 1442.87500000000 14657.6250000000 3488 5084.12500000000
 12651.5000000000 19087.8125000000 21949.7500000000 18759.9375000000 25641.8125000000 26404.5625000000 18795.9375000000 8612.56250000000 11923.2500000000 26114.1875000000 17979.2500000000 13434.7500000000 21244.6875000000 7090.12500000000 16579.8750000000 20330.1875000000 17037.8750000000 15455.9375000000 13662.4375000000 18112.4375000000
