# Created by manolo on 2013.05.31_20.00.05 <manolo@pinwino2>
# name: runtime
# type: matrix
# rows: 7
# columns: 20
 6.37454795837402 7.36665892601013 8.28917193412781 11.1997859477997 6.77479410171509 17.3094739913940 4.97857308387756 20.5811090469360 13.6682620048523 17.6483860015869 10.5404880046844 11.8626079559326 11.5408780574799 20.7995700836182 6.76735401153564 5.17948293685913 5.80363512039185 8.49425721168518 18.8658840656281 10.8400008678436
 10.9975740909576 14.6016349792480 16.9403641223907 13.7301349639893 11.6312489509583 21.8882000446320 10.8732910156250 12.6168310642242 11.9795360565186 7.00489401817322 6.97693419456482 14.2511630058289 6.91225504875183 14.0666790008545 18.5453131198883 9.35891485214233 5.19857001304626 12.4151000976562 13.1809179782867 14.0267131328583
 18.5997529029846 12.6706609725952 22.0863649845123 14.1298899650574 13.8825080394745 18.7487709522247 8.92171406745911 7.96362209320068 11.9234859943390 9.26439499855042 24.1184408664703 6.03294110298157 9.95922708511353 13.6134610176086 13.7951388359070 15.7333071231842 10.5165171623230 8.68784093856812 6.99802994728088 16.9078290462494
 20.0762629508972 8.92093706130981 19.5845160484314 9.88140797615051 11.5819687843323 15.7064208984375 21.7734339237213 6.35616207122803 13.3202819824219 19.8384690284729 14.8657879829407 18.6776521205902 18.1023340225220 4.53573107719421 11.8020141124725 12.1799252033234 14.6825821399689 2.80356693267822 26.3619418144226 11.0411980152130
 20.0047028064728 20.6724970340729 10.0771179199219 13.6663160324097 15.1978139877319 16.0213069915771 13.1396000385284 23.4132230281830 15.9508440494537 19.8601100444794 4.36283493041992 3.93975996971130 10.4653759002686 9.36658406257629 20.8906838893890 16.8386881351471 20.8678951263428 7.63932609558105 22.8098659515381 12.4121379852295
 14.8015670776367 9.35285902023315 5.36996603012085 12.7814879417419 21.0771238803864 25.6747300624847 3.79717588424683 11.9323740005493 9.65456008911133 20.6340770721436 2.98624682426453 13.4202570915222 22.0623800754547 22.3807330131531 14.5121729373932 10.5064828395844 2.95609712600708 26.6235728263855 7.67000913619995 8.96291303634644
 9.32108116149902 15.6935760974884 18.2577970027924 15.5347070693970 20.4627399444580 22.3485748767853 15.0511150360107 7.56810903549194 9.16203498840332 23.1827290058136 17.5290379524231 10.2279360294342 15.5642180442810 5.80144405364990 13.5970120429993 18.3873710632324 14.7370610237122 11.7105290889740 10.3877539634705 18.5470080375671
# name: experiments
# type: string
# elements: 7
# length: 7
CL1-CR1
# length: 7
CL1-CR2
# length: 7
CL2-CR1
# length: 7
CL1-CR4
# length: 7
CL4-CR1
# length: 7
CL1-CR3
# length: 7
CL3-CR1
# name: evaluations
# type: matrix
# rows: 7
# columns: 20
 3840.81250000000 4213.12500000000 4662.93750000000 6093.43750000000 4101.68750000000 11150.7500000000 2570.18750000000 11499.3750000000 9080.37500000000 10957.5000000000 7013.56250000000 8212.62500000000 6965.50000000000 16167.6250000000 3298.25000000000 2760.50000000000 3253.37500000000 5430 10936.1250000000 6420.31250000000
 6819.18750000000 7090.56250000000 10227.2500000000 7415.37500000000 6351 12429.6250000000 6919.31250000000 8488.43750000000 6648.93750000000 4468.81250000000 3563.18750000000 8633.50000000000 3894.62500000000 8990.81250000000 11760.5000000000 5974.25000000000 2729.68750000000 6685 8531.93750000000 9445.56250000000
 18919.5625000000 13693.8125000000 20483.8125000000 14368.5625000000 13947.7500000000 18592.4375000000 8933.81250000000 7002.87500000000 10217.8125000000 7774.93750000000 23650.7500000000 5953.06250000000 9219.87500000000 12773.1250000000 12830.2500000000 15883.2500000000 9939.75000000000 8406.06250000000 6790.31250000000 16608.8750000000
 9833.62500000000 4663.56250000000 11141.7500000000 5122.31250000000 6101.87500000000 8186.18750000000 11015.9375000000 3494 6434.93750000000 10808.7500000000 7537.81250000000 8689.18750000000 8108.75000000000 2800.93750000000 6381.43750000000 6117.12500000000 7612.06250000000 1294.18750000000 12774.6250000000 6208.81250000000
 25800.6250000000 27362.6875000000 12941.3125000000 18004.8750000000 17449.4375000000 19743.5000000000 15703.8125000000 27419.5000000000 17759.1250000000 25323.0625000000 6592.06250000000 4917.18750000000 11751.5625000000 12562.9375000000 26389.8750000000 23003.6250000000 26283.4375000000 10603.1250000000 30015.6250000000 17851
 7947.31250000000 5276.31250000000 2986.68750000000 7704.31250000000 11307.1875000000 15690.1250000000 1902.62500000000 7246.12500000000 5246.06250000000 11023.8750000000 1365.75000000000 6799 11791.8750000000 14125.7500000000 7450.75000000000 5627.50000000000 1442.87500000000 14657.6250000000 3488 5084.12500000000
 12651.5000000000 19087.8125000000 21949.7500000000 18759.9375000000 25641.8125000000 26404.5625000000 18795.9375000000 8612.56250000000 11923.2500000000 26114.1875000000 17979.2500000000 13434.7500000000 21244.6875000000 7090.12500000000 16579.8750000000 20330.1875000000 17037.8750000000 15455.9375000000 13662.4375000000 18112.4375000000
10.6902444362640 12.5159655809402 13.1420609951019 14.0014320611954 15.5743290185928 12.3569309711456 15.2929110527039 
