# name: evaluations
# type: matrix
# rows: 9
# columns: 20
 13570.8000000000 13941 26591.8000000001 11586.1000000000 22955.5999999999 15555.5000000000 37466.3999999999 20022.4000000000 20486.8999999999 37314.5000000000 14832.9000000000 9141.90000000000 30229.2000000000 18427.7000000000 18243.6000000000 34458.2000000000 24551.7000000000 7097.79999999999 26421.3999999999 16150.5000000000
 19762.2000000000 18959 17096.2000000000 35017.8000000000 29147.8000000000 33127.3000000000 18508.3000000000 25649.4000000000 29702.2000000000 33600.1000000000 20441.6000000000 28248.5000000000 1873.70000000000 9695 24011.8000000000 26574.9000000000 35439.4000000000 18281.8000000000 19183.0000000000 19511.8000000000
 36078.9000000000 13135.8000000000 13174.9000000000 14575.8000000000 29838.6000000000 15749.5000000000 24425.7000000000 20981.6000000000 14776.1000000000 19213.1000000000 36083.6000000000 47332.2000000000 25757.1000000000 20758.0000000000 25475.3000000000 29526.3000000000 17911.7000000000 39164.8000000000 29380 19797.6000000000
 36089.8000000000 9328.40000000000 24788.8000000000 25627.4000000000 34065.3000000000 28986.8000000000 32060.2000000001 23271.9000000000 31925.1000000001 21360.6000000000 17966.5000000000 36166.9000000000 34089.6000000000 29225.1000000000 40753.8000000000 9148.50000000000 18794.1000000000 30209.4000000000 17819.5000000000 21176.1000000000
 22261.0000000000 50873.9000000000 37508.7000000000 25143.1000000000 18376.8000000000 28918.0000000000 25035.6000000000 18640.4000000000 27627.1000000000 48660.4000000000 21777.5000000000 48320.1000000000 25603.2000000000 47639.3000000000 21594.0000000000 30634.1000000000 28145.3000000000 42359.6000000000 25939.7000000000 23757.4000000000
 20993.5000000000 19363.4000000000 17007.4000000000 27230.4000000000 33963.3000000000 37681.4000000000 21239.6000000000 22181.7000000000 38098.5000000000 14552.6000000000 15570.7000000000 14973.3000000000 33266.6000000000 15552.2000000000 42203.5000000000 25106.8000000000 60787.3000000000 19005.5000000000 20709.1000000000 34259.3000000000
 26925 32146.5000000000 33642.3000000000 22826.7000000000 28376.4000000000 40827.5000000000 15076.8000000000 17652.8000000000 34899.9000000000 19154.9000000000 38742.5000000000 24918.4000000000 27788.8000000000 16922.5000000000 28531.5000000000 23248.3000000000 25507.1000000000 26386.3000000000 39720.7000000000 59790.4000000000
 35557.7000000000 26938.3000000000 23309.7000000000 34914.1000000000 34308.1000000000 16394.9000000000 30118.2000000000 21624.2000000000 17441.5000000000 41087.1000000000 21469.2000000000 32541.4000000000 44385.1000000000 20427.6000000000 30348.9000000000 33587.6000000000 15708.7000000000 42581.5000000000 39802.1000000000 25192.2000000000
 25688.2000000000 17483 34493.3000000000 11435 32585.7000000000 25616.2000000000 43630.3000000000 39939.9000000000 48642.6000000000 42885.0000000000 21836.9000000000 40616.9000000000 46469.3000000000 39241 21492.6000000000 10690.2000000000 58736.4000000000 42521.1000000000 33168.9000000001 23112.5000000000
