# Created by manolo on 2013.06.11_16.33.16 <manolo@pinwino2>
# name: runtime
# type: matrix
# rows: 9
# columns: 20
 60.6308259963989 61.3096699714661 107.045627832413 47.5553669929504 115.723752021790 63.4533710479736 144.781822919846 47.3618910312653 76.0418651103973 112.250288009644 44.5651431083679 20.9538059234619 119.677764892578 50.4565639495850 54.2918069362640 130.700814962387 110.447014093399 37.9748148918152 116.942491054535 42.4192500114441
 44.1042468547821 37.8107190132141 46.1972329616547 68.9250018596649 67.2800989151001 59.9419870376587 34.0840220451355 57.5841078758240 59.1429820060730 81.4163188934326 41.2016670703888 55.9652788639069 2.57722282409668 14.4360949993134 60.9756422042847 60.8961467742920 90.2869849205017 43.1567361354828 54.3463449478149 62.7245211601257
 60.2292578220367 28.1883561611176 30.5918819904327 36.2275080680847 63.0122799873352 27.7964198589325 44.6295690536499 51.6672251224518 29.0130620002747 38.9716439247131 56.4345281124115 70.8435659408569 45.9460971355438 34.6835429668427 58.5238859653473 53.7564818859100 33.5201318264008 70.3651139736176 42.3918159008026 44.2132480144501
 100.101740121841 26.7627871036530 53.5299499034882 35.4523389339447 106.345070838928 81.8756201267242 115.391893863678 60.8385641574860 86.6272079944611 43.6370959281921 34.9281420707703 94.7102417945862 83.0933570861816 70.4446589946747 94.5140779018402 23.2054729461670 48.4986779689789 78.8726119995117 53.1134898662567 66.5633559226990
 46.4514250755310 83.0463171005249 63.0942969322205 43.1680350303650 34.6656301021576 52.6409840583801 44.8393740653992 27.0809259414673 30.1436030864716 69.7700119018555 30.4733378887177 61.1823580265045 32.7383120059967 62.0824611186981 23.4179329872131 42.6910479068756 56.5402779579163 46.3369982242584 29.8988981246948 42.5985629558563
 28.6573989391327 28.4771490097046 27.6861529350281 36.2865900993347 47.4925739765167 52.2168910503387 29.1665070056915 32.3541309833527 36.0904171466827 12.5706989765167 18.9372918605804 14.6524698734283 45.9174449443817 24.2857050895691 42.7748818397522 32.0992679595947 75.0722639560699 21.7910227775574 34.9694211483002 51.8385450839996
 62.2189221382141 67.9980058670044 59.5082049369812 43.4973139762878 53.7021620273590 68.5043699741364 18.5907030105591 27.0881600379944 51.5418150424957 42.3027927875519 71.7283508777618 32.7468400001526 66.2598459720612 32.0454390048981 40.2190868854523 41.3651540279388 49.9366390705109 42.7277028560638 67.6675760746002 85.9898068904877
 50.5093650817871 39.8022561073303 27.2486391067505 39.1236100196838 48.6556651592255 19.8704512119293 42.6661591529846 28.9955718517303 24.5023589134216 50.3878300189972 29.4807169437408 44.3962280750275 40.9516298770905 24.3707489967346 39.2023730278015 37.2077279090881 32.4943969249725 50.0972399711609 47.9885289669037 38.9936008453369
 37.7593760490417 40.3421308994293 68.5154860019684 19.6802611351013 72.6987581253052 50.1080999374390 66.0087940692902 94.8332159519196 114.093459844589 66.3823869228363 34.0186741352081 87.5176000595093 103.623754024506 96.2619371414185 43.6707060337067 19.5013370513916 126.089740991592 67.2424659729004 78.3373181819916 34.1166250705719
# name: experiments
# type: string
# elements: 9
# length: 10
L1-CR1-RR1
# length: 10
L2-CR1-RR1
# length: 10
L2-CR1-RR2
# length: 10
L2-CR2-RR1
# length: 10
L4-CR1-RR1
# length: 10
L4-CR1-RR2
# length: 10
L4-CR2-RR1
# length: 10
L4-CR1-RR4
# length: 10
L4-CR4-RR1
# name: evaluations
# type: matrix
# rows: 9
# columns: 20
 13570.8000000000 13941 26591.8000000001 11586.1000000000 22955.5999999999 15555.5000000000 37466.3999999999 20022.4000000000 20486.8999999999 37314.5000000000 14832.9000000000 9141.90000000000 30229.2000000000 18427.7000000000 18243.6000000000 34458.2000000000 24551.7000000000 7097.79999999999 26421.3999999999 16150.5000000000
 19762.2000000000 18959 17096.2000000000 35017.8000000000 29147.8000000000 33127.3000000000 18508.3000000000 25649.4000000000 29702.2000000000 33600.1000000000 20441.6000000000 28248.5000000000 1873.70000000000 9695 24011.8000000000 26574.9000000000 35439.4000000000 18281.8000000000 19183.0000000000 19511.8000000000
 36078.9000000000 13135.8000000000 13174.9000000000 14575.8000000000 29838.6000000000 15749.5000000000 24425.7000000000 20981.6000000000 14776.1000000000 19213.1000000000 36083.6000000000 47332.2000000000 25757.1000000000 20758.0000000000 25475.3000000000 29526.3000000000 17911.7000000000 39164.8000000000 29380 19797.6000000000
 36089.8000000000 9328.40000000000 24788.8000000000 25627.4000000000 34065.3000000000 28986.8000000000 32060.2000000001 23271.9000000000 31925.1000000001 21360.6000000000 17966.5000000000 36166.9000000000 34089.6000000000 29225.1000000000 40753.8000000000 9148.50000000000 18794.1000000000 30209.4000000000 17819.5000000000 21176.1000000000
 22261.0000000000 50873.9000000000 37508.7000000000 25143.1000000000 18376.8000000000 28918.0000000000 25035.6000000000 18640.4000000000 27627.1000000000 48660.4000000000 21777.5000000000 48320.1000000000 25603.2000000000 47639.3000000000 21594.0000000000 30634.1000000000 28145.3000000000 42359.6000000000 25939.7000000000 23757.4000000000
 20993.5000000000 19363.4000000000 17007.4000000000 27230.4000000000 33963.3000000000 37681.4000000000 21239.6000000000 22181.7000000000 38098.5000000000 14552.6000000000 15570.7000000000 14973.3000000000 33266.6000000000 15552.2000000000 42203.5000000000 25106.8000000000 60787.3000000000 19005.5000000000 20709.1000000000 34259.3000000000
 26925 32146.5000000000 33642.3000000000 22826.7000000000 28376.4000000000 40827.5000000000 15076.8000000000 17652.8000000000 34899.9000000000 19154.9000000000 38742.5000000000 24918.4000000000 27788.8000000000 16922.5000000000 28531.5000000000 23248.3000000000 25507.1000000000 26386.3000000000 39720.7000000000 59790.4000000000
 35557.7000000000 26938.3000000000 23309.7000000000 34914.1000000000 34308.1000000000 16394.9000000000 30118.2000000000 21624.2000000000 17441.5000000000 41087.1000000000 21469.2000000000 32541.4000000000 44385.1000000000 20427.6000000000 30348.9000000000 33587.6000000000 15708.7000000000 42581.5000000000 39802.1000000000 25192.2000000000
 25688.2000000000 17483 34493.3000000000 11435 32585.7000000000 25616.2000000000 43630.3000000000 39939.9000000000 48642.6000000000 42885.0000000000 21836.9000000000 40616.9000000000 46469.3000000000 39241 21492.6000000000 10690.2000000000 58736.4000000000 42521.1000000000 33168.9000000001 23112.5000000000
# name: fitnesses
# type: matrix
# rows: 9
# columns: 20
 10 10 10 10 10 10 10 10 10 10 10 10 10 10 10 10 10 10 10 10
 10 10 10 10 10 10 10 10 10 10 10 10 10 10 10 10 10 10 10 10
 10 10 10 10 10 10 10 10 10 10 10 10 10 10 10 10 10 10 10 10
 10 10 10 10 10 10 10 10 10 10 10 10 10 10 10 10 10 10 10 10
 10 10 10 10 10 10 10 10 10 10 10 10 10 10 10 10 10 10 10 10
 10 10 10 10 10 10 10 10 10 10 10 10 10 10 10 10 10 10 10 10
 10 10 10 10 10 10 10 10 10 10 10 10 10 10 10 10 10 10 10 10
 10 10 10 10 10 10 10 10 10 10 10 10 10 10 10 10 10 10 10 10
 10 10 10 10 10 10 10 10 10 10 10 10 10 10 10 10 10 10 10 10
