# Created by manolo on 2013.06.06_05.42.06 <manolo@pinwino2>
# name: runtime
# type: matrix
# rows: 7
# columns: 20
 60.2701928615570 60.2300240993500 60.1886329650879 60.2389230728149 60.0870580673218 60.1264789104462 60.2303760051727 60.1812407970428 60.1010029315948 60.1875450611115 60.2182137966156 60.1325378417969 60.2021739482880 60.3106250762939 60.2435200214386 60.2620902061462 60.2354810237885 60.1976690292358 60.2161488533020 60.1537101268768
 60.1610898971558 60.2625091075897 60.2087719440460 60.2198998928070 60.0310888290405 60.0862290859222 60.1579749584198 60.1733450889587 60.1634008884430 60.1179070472717 60.1271231174469 60.1608009338379 60.1986210346222 60.1601219177246 60.1640129089355 60.1843838691711 60.0999040603638 60.0853111743927 60.1962831020355 60.1199140548706
 60.1484990119934 60.0924551486969 60.1034541130066 60.1746599674225 60.1714200973511 60.2322430610657 60.1418800354004 60.2211201190948 60.1870601177216 60.2839071750641 60.0864100456238 60.2388010025024 60.1477890014648 60.1412260532379 60.1243920326233 60.1907241344452 60.0953650474548 60.1234731674194 60.2313899993896 60.2081589698792
 60.1357269287109 60.3887579441071 60.1128048896790 60.1690671443939 60.1226019859314 60.0808961391449 60.2188940048218 60.1731550693512 60.1647889614105 60.1243109703064 60.1385819911957 60.2248930931091 60.1218571662903 60.1528730392456 60.2054550647736 60.1305780410767 60.2717590332031 60.2013001441956 60.2868270874023 60.3238229751587
 60.3541178703308 60.0460109710693 60.1451089382172 60.1430940628052 60.1387701034546 60.1469848155975 60.0844619274139 60.1343970298767 60.1443529129028 60.1514041423798 60.1114449501038 60.2724490165710 60.1599309444427 60.0487039089203 60.1307740211487 60.2500061988831 60.2424120903015 60.1905269622803 60.4127159118652 60.2493250370026
 60.1946351528168 60.2264831066132 60.2786419391632 60.1977510452271 60.1878688335419 60.2282009124756 60.1319010257721 60.0925688743591 60.1421151161194 60.0901119709015 60.1462721824646 60.1973431110382 60.2319459915161 60.0811088085175 60.2921140193939 60.2074291706085 60.1663699150085 60.1160740852356 60.2601630687714 60.2112469673157
 60.2551319599152 60.1212389469147 60.1341440677643 60.1488659381866 60.1615710258484 60.2272369861603 60.1205098628998 60.1458280086517 60.2044110298157 60.0984921455383 60.1175720691681 60.2193379402161 60.5124499797821 60.1268670558929 60.0527698993683 60.1466829776764 60.3857409954071 60.1517040729523 60.0855350494385 60.1372940540314
