# name: fitnesses
# type: matrix
# rows: 7
# columns: 20
 188 188 204 202 193 202 196 205 213 194 192 184 198 196 197 191 202 203 215 205
 197 195 198 192 199 187 215 193 202 194 187 200 194 189 219 194 202 188 193 196
 204 183 188 195 195 200 189 202 198 190 179 198 183 196 184 212 206 198 202 191
 211 192 186 228 213 200 198 199 206 207 186 184 182 198 206 210 209 218 213 188
 201 212 212 222 192 195 194 187 192 179 186 194 194 185 189 180 199 204 191 204
 188 192 193 190 215 185 196 191 184 189 189 204 231 194 172 208 206 195 227 213
 190 207 225 200 199 197 192 188 177 195 193 211 180 204 197 212 186 204 195 187
