# name: evaluations
# type: matrix
# rows: 7
# columns: 20
 14419.5000000000 15277.3750000000 15910.0937500000 16056.6250000000 15103.5156250000 14622.6718750000 13894.2343750000 15047.0781250000 15408.8281250000 15238.0781250000 14309.0937500000 15761.2187500000 14899.8750000000 15417.5000000000 16085.2343750000 15062.4218750000 15760.8906250000 15233.4687500000 14645.7656250000 15108.6562500000
 12473.4062500000 13349.3125000000 13447.4218750000 11770.1718750000 12632.8281250000 12531.9375000000 12925.1562500000 12811.8125000000 14289.7500000000 11598.2656250000 12379.8281250000 13149.9531250000 13333.8750000000 12146.6093750000 12640.2812500000 13243.7656250000 12547.7812500000 12852.2968750000 13927.8437500000 13323.7656250000
 10273.2656250000 11024 10423.8437500000 10783.4531250000 11265.6718750000 10977.2031250000 10785.8437500000 12164.5937500000 10985.0937500000 11886.1718750000 11959.9687500000 12498.8906250000 10650.6250000000 11264.9062500000 10403.5000000000 11215.2343750000 10855.8906250000 12140.7656250000 10295.6875000000 10245.3437500000
 10137.1406250000 9586.84375000000 8428.84375000000 9478.68750000000 9330.84375000000 8620.45312500000 8076.01562500000 10581.7812500000 10245.1093750000 9786.35937500000 9022.96875000000 8490.73437500000 10538.5625000000 10972.4687500000 10359.1875000000 8744.34375000000 9761.64062500000 8578.60937500000 9166.04687500000 8990.96875000000
 8662.89062500000 9674.87500000000 9131.57812500000 9696.07812500000 8248.14062500000 7913.57812500000 8686.34375000000 8386.59375000000 8324.29687500000 7442.14062500000 9350.92187500000 9972.07812500000 8549.79687500000 8416.17187500000 9863.75000000000 8013.59375000000 9109.79687500000 8788.21875000000 7706.54687500000 8370.89062500000
 7653.06250000000 6459.25000000000 8922.20312500000 8305.39062500000 7875.26562500000 7829.06250000000 7590.03125000000 7801.50000000000 7916.56250000000 7558.06250000000 6570.76562500000 6278.81250000000 8064.18750000000 6553.48437500000 7317.42187500000 7253.31250000000 8387.20312500000 7420.51562500000 9042.35937500000 8166.18750000000
 11512.5937500000 10134.1406250000 10412.8750000000 10656.3750000000 12504.1718750000 10375.8750000000 10719.6406250000 10638.0156250000 10393.9843750000 10662.0468750000 10514.7812500000 13177.6875000000 10357.0468750000 10550.9531250000 11756.6875000000 9665.85937500000 12708.6562500000 11770.6875000000 10925.1250000000 10500.7500000000
