# Created by manolo on 2013.06.06_05.42.06 <manolo@pinwino2>
# name: runtime
# type: matrix
# rows: 7
# columns: 20
 60.2701928615570 60.2300240993500 60.1886329650879 60.2389230728149 60.0870580673218 60.1264789104462 60.2303760051727 60.1812407970428 60.1010029315948 60.1875450611115 60.2182137966156 60.1325378417969 60.2021739482880 60.3106250762939 60.2435200214386 60.2620902061462 60.2354810237885 60.1976690292358 60.2161488533020 60.1537101268768
 60.1610898971558 60.2625091075897 60.2087719440460 60.2198998928070 60.0310888290405 60.0862290859222 60.1579749584198 60.1733450889587 60.1634008884430 60.1179070472717 60.1271231174469 60.1608009338379 60.1986210346222 60.1601219177246 60.1640129089355 60.1843838691711 60.0999040603638 60.0853111743927 60.1962831020355 60.1199140548706
 60.1484990119934 60.0924551486969 60.1034541130066 60.1746599674225 60.1714200973511 60.2322430610657 60.1418800354004 60.2211201190948 60.1870601177216 60.2839071750641 60.0864100456238 60.2388010025024 60.1477890014648 60.1412260532379 60.1243920326233 60.1907241344452 60.0953650474548 60.1234731674194 60.2313899993896 60.2081589698792
 60.1357269287109 60.3887579441071 60.1128048896790 60.1690671443939 60.1226019859314 60.0808961391449 60.2188940048218 60.1731550693512 60.1647889614105 60.1243109703064 60.1385819911957 60.2248930931091 60.1218571662903 60.1528730392456 60.2054550647736 60.1305780410767 60.2717590332031 60.2013001441956 60.2868270874023 60.3238229751587
 60.3541178703308 60.0460109710693 60.1451089382172 60.1430940628052 60.1387701034546 60.1469848155975 60.0844619274139 60.1343970298767 60.1443529129028 60.1514041423798 60.1114449501038 60.2724490165710 60.1599309444427 60.0487039089203 60.1307740211487 60.2500061988831 60.2424120903015 60.1905269622803 60.4127159118652 60.2493250370026
 60.1946351528168 60.2264831066132 60.2786419391632 60.1977510452271 60.1878688335419 60.2282009124756 60.1319010257721 60.0925688743591 60.1421151161194 60.0901119709015 60.1462721824646 60.1973431110382 60.2319459915161 60.0811088085175 60.2921140193939 60.2074291706085 60.1663699150085 60.1160740852356 60.2601630687714 60.2112469673157
 60.2551319599152 60.1212389469147 60.1341440677643 60.1488659381866 60.1615710258484 60.2272369861603 60.1205098628998 60.1458280086517 60.2044110298157 60.0984921455383 60.1175720691681 60.2193379402161 60.5124499797821 60.1268670558929 60.0527698993683 60.1466829776764 60.3857409954071 60.1517040729523 60.0855350494385 60.1372940540314
# name: experiments
# type: string
# elements: 7
# length: 20
rule-length-3-trap-2
# length: 20
rule-length-4-trap-2
# length: 20
rule-length-5-trap-2
# length: 20
rule-length-6-trap-2
# length: 20
rule-length-7-trap-2
# length: 20
rule-length-8-trap-2
# length: 22
rule-length-3-8-trap-2
# name: evaluations
# type: matrix
# rows: 7
# columns: 20
 14419.5000000000 15277.3750000000 15910.0937500000 16056.6250000000 15103.5156250000 14622.6718750000 13894.2343750000 15047.0781250000 15408.8281250000 15238.0781250000 14309.0937500000 15761.2187500000 14899.8750000000 15417.5000000000 16085.2343750000 15062.4218750000 15760.8906250000 15233.4687500000 14645.7656250000 15108.6562500000
 12473.4062500000 13349.3125000000 13447.4218750000 11770.1718750000 12632.8281250000 12531.9375000000 12925.1562500000 12811.8125000000 14289.7500000000 11598.2656250000 12379.8281250000 13149.9531250000 13333.8750000000 12146.6093750000 12640.2812500000 13243.7656250000 12547.7812500000 12852.2968750000 13927.8437500000 13323.7656250000
 10273.2656250000 11024 10423.8437500000 10783.4531250000 11265.6718750000 10977.2031250000 10785.8437500000 12164.5937500000 10985.0937500000 11886.1718750000 11959.9687500000 12498.8906250000 10650.6250000000 11264.9062500000 10403.5000000000 11215.2343750000 10855.8906250000 12140.7656250000 10295.6875000000 10245.3437500000
 10137.1406250000 9586.84375000000 8428.84375000000 9478.68750000000 9330.84375000000 8620.45312500000 8076.01562500000 10581.7812500000 10245.1093750000 9786.35937500000 9022.96875000000 8490.73437500000 10538.5625000000 10972.4687500000 10359.1875000000 8744.34375000000 9761.64062500000 8578.60937500000 9166.04687500000 8990.96875000000
 8662.89062500000 9674.87500000000 9131.57812500000 9696.07812500000 8248.14062500000 7913.57812500000 8686.34375000000 8386.59375000000 8324.29687500000 7442.14062500000 9350.92187500000 9972.07812500000 8549.79687500000 8416.17187500000 9863.75000000000 8013.59375000000 9109.79687500000 8788.21875000000 7706.54687500000 8370.89062500000
 7653.06250000000 6459.25000000000 8922.20312500000 8305.39062500000 7875.26562500000 7829.06250000000 7590.03125000000 7801.50000000000 7916.56250000000 7558.06250000000 6570.76562500000 6278.81250000000 8064.18750000000 6553.48437500000 7317.42187500000 7253.31250000000 8387.20312500000 7420.51562500000 9042.35937500000 8166.18750000000
 11512.5937500000 10134.1406250000 10412.8750000000 10656.3750000000 12504.1718750000 10375.8750000000 10719.6406250000 10638.0156250000 10393.9843750000 10662.0468750000 10514.7812500000 13177.6875000000 10357.0468750000 10550.9531250000 11756.6875000000 9665.85937500000 12708.6562500000 11770.6875000000 10925.1250000000 10500.7500000000
# name: fitnesses
# type: matrix
# rows: 7
# columns: 20
 188 188 204 202 193 202 196 205 213 194 192 184 198 196 197 191 202 203 215 205
 197 195 198 192 199 187 215 193 202 194 187 200 194 189 219 194 202 188 193 196
 204 183 188 195 195 200 189 202 198 190 179 198 183 196 184 212 206 198 202 191
 211 192 186 228 213 200 198 199 206 207 186 184 182 198 206 210 209 218 213 188
 201 212 212 222 192 195 194 187 192 179 186 194 194 185 189 180 199 204 191 204
 188 192 193 190 215 185 196 191 184 189 189 204 231 194 172 208 206 195 227 213
 190 207 225 200 199 197 192 188 177 195 193 211 180 204 197 212 186 204 195 187
