# name: evaluations
# type: matrix
# rows: 9
# columns: 20
 14425.8750000000 17888.6875000000 12253.3125000000 33963.6875000000 21054.1875000000 2802.75000000000 28475 15086.3750000000 20467.6250000000 19541.9375000000 22606.4375000000 62151.2500000000 10323 18470.6875000000 5182.87500000000 20916.8750000000 57302.2500000000 29422.1250000000 42068.6875000000 55335
 20708.8750000000 79588.5625000000 10208.9375000000 28345.5000000000 31967.1250000000 13401.9375000000 13983.8750000000 19080.8750000000 40062.1875000000 43731.3750000000 28548.5000000000 13437.1250000000 25839.0625000000 31801.0625000000 10695.5000000000 11903.9375000000 37233.5625000000 26672.5625000000 7219.31250000000 37295.8750000000
 3173.75000000000 26753.5000000000 42651.2500000000 22601.8750000000 25227 9944.43750000000 63768.6250000000 25484.3125000000 41362.5625000000 30282.2500000000 42562.8750000000 46508.6875000000 27796.1250000000 31833.9375000000 32150.0625000000 27249.0625000000 43050.6875000000 18588.3750000000 14315.3125000000 38233.3125000000
 21888.6875000000 17851.1250000000 59176.9375000000 15338.8125000000 57479.3750000000 18102.8750000000 14577.1250000000 76974.2500000000 2348.62500000000 32094.3125000000 11937.7500000000 61082.1250000000 43737.3750000000 8928.87500000000 9579.50000000000 34024 28675.9375000000 27910.8125000000 9852.87500000000 22589.1250000000
 76312.6875000000 53309.6875000000 27290.8125000000 53003.3750000000 25706.8125000000 14414.0625000000 33108.7500000000 30445.5625000000 18725.3750000000 57952.2500000000 39520.2500000000 30771.3750000000 30161 30757 53169.7500000000 61404.1875000000 46022.3750000000 20191.1250000000 56939.7500000000 14180.5000000000
 24352 13382.0625000000 18588.2500000000 24608.2500000000 37150.9375000000 28317.7500000000 64078.6875000000 23181.5000000000 37074.6875000000 31363.3125000000 16137.5000000000 33212.6875000000 37938.5625000000 20641.1875000000 29826.3125000000 38514.8125000000 65727.1250000000 14815.5000000000 22549.8750000000 23438.6875000000
 30579.1250000000 27409.7500000000 34767.5625000000 71864.5000000000 56590.6250000000 59247.0625000000 19705.3750000000 66186.5000000000 6578.50000000000 83015 42227.1250000000 99380.5000000000 22328.1250000000 60216.7500000000 32726.5625000000 28262.6250000000 67709.3125000000 68025.2500000000 4136.18750000000 24275.9375000000
 29053 31819.2500000000 20762.0625000000 36422.0625000000 24881.5625000000 73392.3125000000 41191.3750000000 42488.5000000000 37277.7500000000 38493.0625000000 34358.5625000000 31821.8125000000 36328 28424.3750000000 22244 33766.2500000000 36802.1875000000 27058.0625000000 17526.6875000000 30867.0625000000
 60756 39820 36719 17035.4375000000 53461.5000000000 64245.5625000000 77537.7500000000 32460.4375000000 38330.5000000000 60424.6875000000 34794.8125000000 46977.8750000000 47286.4375000000 47863.8125000000 101675.062500000 19084.5625000000 83588.5000000000 72174.5625000000 31176.6250000000 51648.8125000000
