# Created by manolo on 2013.06.09_01.19.37 <manolo@pinwino2>
# name: runtime
# type: matrix
# rows: 9
# columns: 20
 27.4760501384735 42.9428188800812 30.3956179618835 114.327649116516 44.6916141510010 3.82066702842712 83.5995991230011 39.3254570960999 68.8670580387115 43.7945160865784 72.2344889640808 176.336930990219 22.0785250663757 40.1810879707336 10.7669270038605 45.6249728202820 188.391599178314 73.0213220119476 146.226659059525 160.800192117691
 51.9971950054169 162.320145130157 15.0527989864349 46.5943300724030 69.6621868610382 22.5874068737030 21.4362111091614 38.9652290344238 57.7017958164215 84.3198678493500 47.2083401679993 25.4180920124054 65.9772338867188 63.7234060764313 15.1714429855347 12.8598301410675 80.4409961700439 65.6138679981232 6.41018700599670 59.9440670013428
 5.49282717704773 60.3556740283966 74.2205431461334 43.5877759456635 47.1208770275116 12.6368718147278 155.135359048843 46.4539270401001 94.3849470615387 60.9396030902863 76.4744479656219 86.4333980083466 70.7490098476410 61.0677881240845 66.0590779781342 58.7371950149536 99.0826449394226 41.8389141559601 23.7060520648956 94.7370240688324
 48.1385929584503 33.9968822002411 160.418609142303 38.9072480201721 153.261557102203 25.9699561595917 28.2617080211639 222.339208126068 3.47209215164185 77.1008460521698 14.2588970661163 137.611874818802 108.487975120544 10.6548528671265 18.4392018318176 63.8533799648285 63.0785179138184 60.7595770359039 16.0793790817261 54.6074829101562
 90.1655249595642 51.3493368625641 35.6436851024628 82.1981940269470 37.1874358654022 21.4026458263397 46.0200779438019 39.6888589859009 20.1140708923340 75.4710009098053 53.1293959617615 32.9773349761963 39.4926509857178 33.1567380428314 76.7905411720276 76.5616948604584 52.3955070972443 20.3539571762085 77.9024720191956 12.5346729755402
 26.8705458641052 19.6895151138306 24.9856212139130 32.6216368675232 55.4825940132141 34.0587010383606 88.0209550857544 30.7153329849243 42.1491041183472 50.1727459430695 32.1722881793976 44.9105970859528 37.3214919567108 18.6666319370270 46.7260041236877 49.6185870170593 100.780088901520 23.5998558998108 30.6999270915985 35.9611499309540
 33.5398979187012 48.6833829879761 44.8714220523834 127.964437961578 98.4669280052185 72.3484160900116 19.7533140182495 112.807286977768 5.77251100540161 131.093342065811 53.2538738250732 200.471832990646 27.9217791557312 110.040934085846 53.9730789661407 52.4750530719757 99.4254429340363 112.614023208618 1.52025294303894 44.3256669044495
 46.6668279170990 41.8647890090942 32.1140520572662 46.4782359600067 32.7159700393677 128.819416999817 57.6073279380798 47.3413431644440 52.0766620635986 62.6477200984955 61.8183190822601 49.1069500446320 50.7648050785065 37.8162739276886 28.0731780529022 45.1523420810699 53.5628058910370 38.3647649288177 25.7959749698639 47.9243919849396
 152.790627956390 87.4625599384308 98.4152159690857 36.5519731044769 84.2012588977814 99.0084400177002 132.599641084671 62.4624419212341 78.6488170623779 164.453015089035 61.6021220684052 88.0417959690094 98.8531930446625 83.3650319576263 288.794510126114 35.6167471408844 138.226911067963 161.159524917603 54.5481731891632 122.965040922165
# name: experiments
# type: string
# elements: 9
# length: 10
L1-CR1-RR1
# length: 10
L2-CR1-RR1
# length: 10
L2-CR1-RR2
# length: 10
L2-CR2-RR1
# length: 10
L4-CR1-RR1
# length: 10
L4-CR1-RR2
# length: 10
L4-CR2-RR1
# length: 10
L4-CR1-RR4
# length: 10
L4-CR4-RR1
# name: evaluations
# type: matrix
# rows: 9
# columns: 20
 14425.8750000000 17888.6875000000 12253.3125000000 33963.6875000000 21054.1875000000 2802.75000000000 28475 15086.3750000000 20467.6250000000 19541.9375000000 22606.4375000000 62151.2500000000 10323 18470.6875000000 5182.87500000000 20916.8750000000 57302.2500000000 29422.1250000000 42068.6875000000 55335
 20708.8750000000 79588.5625000000 10208.9375000000 28345.5000000000 31967.1250000000 13401.9375000000 13983.8750000000 19080.8750000000 40062.1875000000 43731.3750000000 28548.5000000000 13437.1250000000 25839.0625000000 31801.0625000000 10695.5000000000 11903.9375000000 37233.5625000000 26672.5625000000 7219.31250000000 37295.8750000000
 3173.75000000000 26753.5000000000 42651.2500000000 22601.8750000000 25227 9944.43750000000 63768.6250000000 25484.3125000000 41362.5625000000 30282.2500000000 42562.8750000000 46508.6875000000 27796.1250000000 31833.9375000000 32150.0625000000 27249.0625000000 43050.6875000000 18588.3750000000 14315.3125000000 38233.3125000000
 21888.6875000000 17851.1250000000 59176.9375000000 15338.8125000000 57479.3750000000 18102.8750000000 14577.1250000000 76974.2500000000 2348.62500000000 32094.3125000000 11937.7500000000 61082.1250000000 43737.3750000000 8928.87500000000 9579.50000000000 34024 28675.9375000000 27910.8125000000 9852.87500000000 22589.1250000000
 76312.6875000000 53309.6875000000 27290.8125000000 53003.3750000000 25706.8125000000 14414.0625000000 33108.7500000000 30445.5625000000 18725.3750000000 57952.2500000000 39520.2500000000 30771.3750000000 30161 30757 53169.7500000000 61404.1875000000 46022.3750000000 20191.1250000000 56939.7500000000 14180.5000000000
 24352 13382.0625000000 18588.2500000000 24608.2500000000 37150.9375000000 28317.7500000000 64078.6875000000 23181.5000000000 37074.6875000000 31363.3125000000 16137.5000000000 33212.6875000000 37938.5625000000 20641.1875000000 29826.3125000000 38514.8125000000 65727.1250000000 14815.5000000000 22549.8750000000 23438.6875000000
 30579.1250000000 27409.7500000000 34767.5625000000 71864.5000000000 56590.6250000000 59247.0625000000 19705.3750000000 66186.5000000000 6578.50000000000 83015 42227.1250000000 99380.5000000000 22328.1250000000 60216.7500000000 32726.5625000000 28262.6250000000 67709.3125000000 68025.2500000000 4136.18750000000 24275.9375000000
 29053 31819.2500000000 20762.0625000000 36422.0625000000 24881.5625000000 73392.3125000000 41191.3750000000 42488.5000000000 37277.7500000000 38493.0625000000 34358.5625000000 31821.8125000000 36328 28424.3750000000 22244 33766.2500000000 36802.1875000000 27058.0625000000 17526.6875000000 30867.0625000000
 60756 39820 36719 17035.4375000000 53461.5000000000 64245.5625000000 77537.7500000000 32460.4375000000 38330.5000000000 60424.6875000000 34794.8125000000 46977.8750000000 47286.4375000000 47863.8125000000 101675.062500000 19084.5625000000 83588.5000000000 72174.5625000000 31176.6250000000 51648.8125000000
# name: fitnesses
# type: matrix
# rows: 9
# columns: 20
 64 64 64 64 64 64 64 64 64 64 64 64 64 64 64 64 64 64 64 64
 64 64 64 64 64 64 64 64 64 64 64 64 64 64 64 64 64 64 64 64
 64 64 64 64 64 64 64 64 64 64 64 64 64 64 64 64 64 64 64 64
 64 64 64 64 64 64 64 64 64 64 64 64 64 64 64 64 64 64 64 64
 64 64 64 64 64 64 64 64 64 64 64 64 64 64 64 64 64 64 64 64
 64 64 64 64 64 64 64 64 64 64 64 64 64 64 64 64 64 64 64 64
 64 64 64 64 64 64 64 64 64 64 64 64 64 64 64 64 64 64 64 64
 64 64 64 64 64 64 64 64 64 64 64 64 64 64 64 64 64 64 64 64
 64 64 64 64 64 64 64 64 64 64 64 64 64 64 64 64 64 64 64 64
