# name: evaluations
# type: matrix
# rows: 7
# columns: 20
 18773.7000000000 11975.1000000000 18003.4000000000 13922.9000000000 11246.8000000000 13893 14564 14001.7000000000 18000 15654.1000000000 14554.6000000000 15068.5000000000 14918.7000000000 20289 4390.70000000000 7709.50000000000 9518.50000000000 12163.1000000000 9881.20000000000 15717.3000000000
 12659.3000000000 15372.8000000000 7628.29999999999 15982.7000000000 8398.20000000000 19169.5000000000 5398.60000000000 7837.60000000000 15003 13647.3000000000 18689.9000000000 13011.1000000000 4222.20000000000 16759.9000000000 10259.3000000000 14812.8000000000 11126.6000000000 15164 9716.30000000000 14370
 10934.5000000000 13515.3000000000 13426.4000000000 11018.5000000000 22145.2000000000 8761.70000000001 17906.4000000000 18109.7000000000 26206.5000000000 1800.40000000000 19821.9000000000 7493.50000000000 10285.1000000000 12503.5000000000 20608.7000000000 14756.3000000000 16003.4000000000 19318.0000000000 14574.5000000000 19688
 17467.2000000000 8093 15554.2000000000 11539.8000000000 10604 17608 12467.1000000000 8018.60000000000 9703.00000000001 11087.4000000000 16936.4000000000 16772.6000000000 22572.5000000000 7174.60000000000 17628.4000000000 9609.99999999999 8144.80000000000 12874.9000000000 16728.3000000000 5218.49999999999
 22568.8000000000 27600.2000000000 25012.5000000000 38266.1000000000 19925.2000000000 31439.3000000000 27698.2000000000 18058.3000000000 1124 25651 13087.3000000000 21290 14868.9000000000 21495.2000000000 13151.9000000000 23379.8000000000 24048.6000000000 33529.4000000000 14931.6000000000 17912.5000000000
 2589.80000000000 14183 5370.80000000000 12277.4000000000 12317.5000000000 4548.20000000000 11391.6000000000 6321.20000000001 9592.20000000000 7648.70000000001 9294.80000000001 13660.7000000000 10731 14012.1000000000 9739.50000000000 14517.2000000000 10789.6000000000 29312.9000000000 14855.3000000000 2335
 17730.8000000000 19391.1000000000 12918.9000000000 21792.9000000000 15109.7000000000 23833.8000000000 12646.5000000000 24025.1000000000 10141.4000000000 26721.9000000000 24647.7000000000 23673.9000000000 26455.0000000000 22457.7000000000 19826.1000000000 12635.5000000000 10603.6000000000 14186.8000000000 22296.0000000000 13374.9000000000
