# Created by manolo on 2013.06.01_10.30.24 <manolo@pinwino2>
# name: runtime
# type: matrix
# rows: 7
# columns: 20
 34.3391180038452 21.4453699588776 30.6453049182892 24.4360380172729 22.0174460411072 28.3375370502472 26.2086288928986 23.7971498966217 30.5521950721741 28.6784789562225 25.1777122020721 27.0009579658508 24.4814410209656 38.6970138549805 7.50751090049744 11.8784830570221 14.9579129219055 21.8586888313293 17.4816138744354 27.3866541385651
 30.4699199199677 38.8781311511993 17.3033161163330 39.1784551143646 21.2525229454041 48.5259170532227 10.6338429450989 19.5261878967285 42.0802509784698 32.9925818443298 46.7340180873871 26.6449210643768 7.97698402404785 40.5120680332184 24.8718659877777 39.1139090061188 25.0823459625244 38.3584728240967 21.6217691898346 35.9320611953735
 13.8052811622620 14.5943539142609 18.2094411849976 11.9724180698395 27.4115271568298 11.9122951030731 22.8707010746002 19.2125489711761 31.6828789710999 2.52476096153259 23.1499090194702 9.84093499183655 11.8820290565491 14.8282680511475 25.3967201709747 17.6382889747620 18.2676990032196 24.3542490005493 17.8598458766937 24.8555021286011
 58.1254448890686 27.2280929088593 52.8131589889526 39.4574820995331 38.2769980430603 60.6623690128326 46.2980070114136 27.1191887855530 28.5545890331268 32.6256749629974 60.9269120693207 58.2832341194153 81.0443179607391 19.6872959136963 60.6333689689636 28.7355420589447 21.5106718540192 45.7374868392944 54.7035999298096 12.2071640491486
 20.0240509510040 20.1665921211243 20.4283199310303 32.2226290702820 16.1418571472168 28.6889698505402 23.5786030292511 14.5782470703125 0.763941049575806 20.6000130176544 10.9857048988342 19.6109449863434 11.7368290424347 18.3947770595551 11.0374038219452 19.4987380504608 20.7255790233612 23.4606139659882 11.4517819881439 16.7783939838409
 5.44368791580200 45.9539890289307 12.9266710281372 39.5694701671600 36.8174350261688 8.24063706398010 33.1461541652679 19.0806181430817 27.3455719947815 24.3666541576385 25.4501240253448 41.3520681858063 21.1859309673309 40.0218060016632 28.1164019107819 40.0147140026093 31.4576568603516 87.7115690708160 45.3319780826569 4.51492714881897
 13.7958071231842 18.8449940681458 12.7255589962006 18.0577390193939 13.2479059696198 23.0892360210419 11.1061568260193 23.4388928413391 9.32341003417969 24.6484091281891 23.4987518787384 24.3006949424744 25.8703420162201 19.2568640708923 19.4319808483124 12.0647311210632 10.3452689647675 13.3840839862823 24.5163648128510 15.4172158241272
# name: experiments
# type: string
# elements: 7
# length: 7
CL1-CR1
# length: 7
CL1-CR2
# length: 7
CL2-CR1
# length: 7
CL1-CR4
# length: 7
CL4-CR1
# length: 7
CL1-CR3
# length: 7
CL3-CR1
# name: evaluations
# type: matrix
# rows: 7
# columns: 20
 18773.7000000000 11975.1000000000 18003.4000000000 13922.9000000000 11246.8000000000 13893 14564 14001.7000000000 18000 15654.1000000000 14554.6000000000 15068.5000000000 14918.7000000000 20289 4390.70000000000 7709.50000000000 9518.50000000000 12163.1000000000 9881.20000000000 15717.3000000000
 12659.3000000000 15372.8000000000 7628.29999999999 15982.7000000000 8398.20000000000 19169.5000000000 5398.60000000000 7837.60000000000 15003 13647.3000000000 18689.9000000000 13011.1000000000 4222.20000000000 16759.9000000000 10259.3000000000 14812.8000000000 11126.6000000000 15164 9716.30000000000 14370
 10934.5000000000 13515.3000000000 13426.4000000000 11018.5000000000 22145.2000000000 8761.70000000001 17906.4000000000 18109.7000000000 26206.5000000000 1800.40000000000 19821.9000000000 7493.50000000000 10285.1000000000 12503.5000000000 20608.7000000000 14756.3000000000 16003.4000000000 19318.0000000000 14574.5000000000 19688
 17467.2000000000 8093 15554.2000000000 11539.8000000000 10604 17608 12467.1000000000 8018.60000000000 9703.00000000001 11087.4000000000 16936.4000000000 16772.6000000000 22572.5000000000 7174.60000000000 17628.4000000000 9609.99999999999 8144.80000000000 12874.9000000000 16728.3000000000 5218.49999999999
 22568.8000000000 27600.2000000000 25012.5000000000 38266.1000000000 19925.2000000000 31439.3000000000 27698.2000000000 18058.3000000000 1124 25651 13087.3000000000 21290 14868.9000000000 21495.2000000000 13151.9000000000 23379.8000000000 24048.6000000000 33529.4000000000 14931.6000000000 17912.5000000000
 2589.80000000000 14183 5370.80000000000 12277.4000000000 12317.5000000000 4548.20000000000 11391.6000000000 6321.20000000001 9592.20000000000 7648.70000000001 9294.80000000001 13660.7000000000 10731 14012.1000000000 9739.50000000000 14517.2000000000 10789.6000000000 29312.9000000000 14855.3000000000 2335
 17730.8000000000 19391.1000000000 12918.9000000000 21792.9000000000 15109.7000000000 23833.8000000000 12646.5000000000 24025.1000000000 10141.4000000000 26721.9000000000 24647.7000000000 23673.9000000000 26455.0000000000 22457.7000000000 19826.1000000000 12635.5000000000 10603.6000000000 14186.8000000000 22296.0000000000 13374.9000000000
24.8295766115189 31.7312508821487 18.0346435308456 42.5974844694138 19.5548415184021 29.7870293855668 18.4513665437699 
24.8295766115189 31.7312508821487 18.0346435308456 42.5974844694138 19.5548415184021 29.7870293855668 18.4513665437699 
