# name: fitnesses
# type: matrix
# rows: 7
# columns: 20
 121 122 120 122 124 121 120 128 123 124 127 126 127 128 126 126 126 124 122 122
 121 128 125 128 128 124 120 128 113 124 128 124 127 128 128 128 128 128 114 128
 122 126 120 125 128 123 112 113 122 128 112 128 120 128 125 128 128 117 122 128
 128 107 128 125 128 128 122 128 126 126 117 114 113 128 121 128 110 117 128 128
 113 111 128 115 128 128 128 128 121 128 128 128 110 118 128 128 128 128 128 118
 128 128 128 128 124 125 115 128 128 112 128 128 128 107 120 128 116 128 112 120
 118 122 128 128 128 128 112 128 128 127 128 122 128 118 128 117 128 128 127 121
