# name: evaluations
# type: matrix
# rows: 7
# columns: 20
 61758.4062500000 70772 65091.1875000000 59632.2187500000 63687.5312500000 57361.4687500000 73806.8437500000 61109.0625000000 65427.5000000000 65826.3750000000 71338.9375000000 58692.4687500000 61753.6250000000 63577.3125000000 71731.3125000000 60180.5312500000 70068.3125000000 68612.2500000000 63884.4375000000 66718.8125000000
 57626.9062500000 47024.5937500000 70214.2500000000 28045.7187500000 60706.8437500000 63297.9687500000 50899.2187500000 37262.9062500000 66774.3750000000 57344.2500000000 33020.1250000000 58543.4062500000 57677.4062500000 61797.5312500000 53204 58461.9375000000 37247.6875000000 56859.5937500000 51760.0937500000 44958.4062500000
 45376.9062500000 48004.5937500000 45569.3125000000 59430.8437500000 66811.0937500000 46314.9062500000 68080.3125000000 56714.2500000000 53345.3125000000 29709.0937500000 56936.6875000000 27362.3750000000 45925.6562500000 45038.7500000000 63483.0937500000 40062.7812500000 31628.8437500000 70247.1875000000 44408.4062500000 38164.8125000000
 32200.7187500000 44176.8750000000 19683.8437500000 41284.6562500000 17698.7187500000 21381.3750000000 47600.5937500000 30370.3125000000 51588.5312500000 40885.7500000000 52293.0312500000 48196.3125000000 51601.7812500000 36677 43719 47257.2500000000 51281.0312500000 66418.9062500000 25125.7187500000 49743.6875000000
 37110.0312500000 39943.9687500000 33091.2500000000 52549.6250000000 41567.1250000000 21366.4062500000 20640.2500000000 54704.5312500000 33250.3750000000 44772.4687500000 15656.8437500000 36073.8125000000 37848.8125000000 44714.3437500000 18473.5625000000 9540.56250000000 36648.8125000000 24391.3750000000 41774.7500000000 38514.6250000000
 14832.5000000000 13310.4375000000 23684.1562500000 21313.1875000000 26575.6562500000 36395.2187500000 38836.5000000000 11784.1875000000 24760.8125000000 32627.7812500000 51051.9687500000 24380.6875000000 43983.2500000000 33463.3125000000 38917.6250000000 22891.4062500000 32343.4062500000 9009.21875000000 52447.5937500000 48338.2812500000
 41699.0312500000 53915.0312500000 44809.6875000000 41643.1562500000 34589.0312500000 39111.2187500000 48929.3437500000 29259.3437500000 71584.4375000000 67674.7187500000 34112.3125000000 61147.5625000000 25302.8750000000 58991.4062500000 42618.2500000000 44212.9062500000 36450.2500000000 23564.3750000000 53275.7812500000 63454.6250000000
