# Created by manolo on 2013.06.19_11.56.39 <manolo@pinwino2>
# name: runtime
# type: matrix
# rows: 7
# columns: 20
 120.302718162537 120.330351114273 119.941622018814 119.956150054932 120.207426071167 120.159653902054 120.101260900497 108.377318143845 120.336435079575 120.356729030609 119.631215810776 119.785660028458 120.316951036453 119.771703958511 120.700737953186 120.245964050293 120.190622091293 120.123366117477 120.146262168884 120.209325075150
 120.120588064194 112.563525915146 120.222063064575 58.8549110889435 111.973915100098 120.148426055908 120.408668994904 71.1648001670837 120.019344091415 120.217791080475 88.0648531913757 120.111078023911 120.177475214005 116.633867025375 119.572710037231 115.776254892349 72.6174399852753 110.789960145950 120.234117031097 91.3168220520020
 119.856430768967 120.187013149261 120.476153135300 120.421985864639 114.420993804932 120.131173849106 120.241683006287 119.926211118698 120.392549991608 72.4965770244598 120.086651802063 57.2697048187256 120.219198942184 108.829511165619 120.267804145813 63.9677278995514 68.6734569072723 119.869168043137 120.014916181564 68.9531919956207
 96.6868338584900 120.209760904312 53.1852190494537 119.909868955612 58.3969860076904 64.7021098136902 120.084966897964 87.0143420696259 120.189282894135 120.171455860138 120.255551815033 120.272052049637 119.386577129364 98.5737509727478 120.049859046936 111.229219913483 119.778503894806 119.800652980804 63.7532069683075 83.2408850193024
 120.396682977676 120.000102043152 93.0794370174408 119.993613004684 112.826800107956 91.5459551811218 50.5844941139221 117.655669927597 120.126456975937 81.2361960411072 34.5327780246735 89.8486549854279 120.148647069931 119.871797084808 56.4059798717499 53.0555582046509 91.1029489040375 69.8064968585968 101.872725009918 120.173123121262
 68.2566940784454 53.2281188964844 76.8872120380402 60.2408409118652 120.382364034653 119.857520818710 120.138614892960 52.9798300266266 66.5243721008301 120.064512968063 117.423518180847 87.6194050312042 108.283310890198 120.127054214478 119.671969890594 80.7369019985199 120.200711965561 35.5665011405945 120.292240142822 120.098503112793
 120.039987802505 119.969624996185 91.7389438152313 99.1435079574585 75.9564969539642 101.184799909592 120.133952140808 73.7646031379700 115.403218984604 120.206371068954 80.6887171268463 120.280138969421 59.7867350578308 120.188029050827 79.9229290485382 119.801139116287 90.8867878913879 55.5021159648895 120.076794862747 119.664288043976
