# Created by manolo on 2013.06.19_11.56.39 <manolo@pinwino2>
# name: runtime
# type: matrix
# rows: 7
# columns: 20
 120.302718162537 120.330351114273 119.941622018814 119.956150054932 120.207426071167 120.159653902054 120.101260900497 108.377318143845 120.336435079575 120.356729030609 119.631215810776 119.785660028458 120.316951036453 119.771703958511 120.700737953186 120.245964050293 120.190622091293 120.123366117477 120.146262168884 120.209325075150
 120.120588064194 112.563525915146 120.222063064575 58.8549110889435 111.973915100098 120.148426055908 120.408668994904 71.1648001670837 120.019344091415 120.217791080475 88.0648531913757 120.111078023911 120.177475214005 116.633867025375 119.572710037231 115.776254892349 72.6174399852753 110.789960145950 120.234117031097 91.3168220520020
 119.856430768967 120.187013149261 120.476153135300 120.421985864639 114.420993804932 120.131173849106 120.241683006287 119.926211118698 120.392549991608 72.4965770244598 120.086651802063 57.2697048187256 120.219198942184 108.829511165619 120.267804145813 63.9677278995514 68.6734569072723 119.869168043137 120.014916181564 68.9531919956207
 96.6868338584900 120.209760904312 53.1852190494537 119.909868955612 58.3969860076904 64.7021098136902 120.084966897964 87.0143420696259 120.189282894135 120.171455860138 120.255551815033 120.272052049637 119.386577129364 98.5737509727478 120.049859046936 111.229219913483 119.778503894806 119.800652980804 63.7532069683075 83.2408850193024
 120.396682977676 120.000102043152 93.0794370174408 119.993613004684 112.826800107956 91.5459551811218 50.5844941139221 117.655669927597 120.126456975937 81.2361960411072 34.5327780246735 89.8486549854279 120.148647069931 119.871797084808 56.4059798717499 53.0555582046509 91.1029489040375 69.8064968585968 101.872725009918 120.173123121262
 68.2566940784454 53.2281188964844 76.8872120380402 60.2408409118652 120.382364034653 119.857520818710 120.138614892960 52.9798300266266 66.5243721008301 120.064512968063 117.423518180847 87.6194050312042 108.283310890198 120.127054214478 119.671969890594 80.7369019985199 120.200711965561 35.5665011405945 120.292240142822 120.098503112793
 120.039987802505 119.969624996185 91.7389438152313 99.1435079574585 75.9564969539642 101.184799909592 120.133952140808 73.7646031379700 115.403218984604 120.206371068954 80.6887171268463 120.280138969421 59.7867350578308 120.188029050827 79.9229290485382 119.801139116287 90.8867878913879 55.5021159648895 120.076794862747 119.664288043976
# name: experiments
# type: string
# elements: 7
# length: 30
rule-length-3-trap-double-time
# length: 30
rule-length-4-trap-double-time
# length: 30
rule-length-5-trap-double-time
# length: 30
rule-length-6-trap-double-time
# length: 30
rule-length-7-trap-double-time
# length: 30
rule-length-8-trap-double-time
# length: 32
rule-length-3-8-trap-double-time
# name: evaluations
# type: matrix
# rows: 7
# columns: 20
 61758.4062500000 70772 65091.1875000000 59632.2187500000 63687.5312500000 57361.4687500000 73806.8437500000 61109.0625000000 65427.5000000000 65826.3750000000 71338.9375000000 58692.4687500000 61753.6250000000 63577.3125000000 71731.3125000000 60180.5312500000 70068.3125000000 68612.2500000000 63884.4375000000 66718.8125000000
 57626.9062500000 47024.5937500000 70214.2500000000 28045.7187500000 60706.8437500000 63297.9687500000 50899.2187500000 37262.9062500000 66774.3750000000 57344.2500000000 33020.1250000000 58543.4062500000 57677.4062500000 61797.5312500000 53204 58461.9375000000 37247.6875000000 56859.5937500000 51760.0937500000 44958.4062500000
 45376.9062500000 48004.5937500000 45569.3125000000 59430.8437500000 66811.0937500000 46314.9062500000 68080.3125000000 56714.2500000000 53345.3125000000 29709.0937500000 56936.6875000000 27362.3750000000 45925.6562500000 45038.7500000000 63483.0937500000 40062.7812500000 31628.8437500000 70247.1875000000 44408.4062500000 38164.8125000000
 32200.7187500000 44176.8750000000 19683.8437500000 41284.6562500000 17698.7187500000 21381.3750000000 47600.5937500000 30370.3125000000 51588.5312500000 40885.7500000000 52293.0312500000 48196.3125000000 51601.7812500000 36677 43719 47257.2500000000 51281.0312500000 66418.9062500000 25125.7187500000 49743.6875000000
 37110.0312500000 39943.9687500000 33091.2500000000 52549.6250000000 41567.1250000000 21366.4062500000 20640.2500000000 54704.5312500000 33250.3750000000 44772.4687500000 15656.8437500000 36073.8125000000 37848.8125000000 44714.3437500000 18473.5625000000 9540.56250000000 36648.8125000000 24391.3750000000 41774.7500000000 38514.6250000000
 14832.5000000000 13310.4375000000 23684.1562500000 21313.1875000000 26575.6562500000 36395.2187500000 38836.5000000000 11784.1875000000 24760.8125000000 32627.7812500000 51051.9687500000 24380.6875000000 43983.2500000000 33463.3125000000 38917.6250000000 22891.4062500000 32343.4062500000 9009.21875000000 52447.5937500000 48338.2812500000
 41699.0312500000 53915.0312500000 44809.6875000000 41643.1562500000 34589.0312500000 39111.2187500000 48929.3437500000 29259.3437500000 71584.4375000000 67674.7187500000 34112.3125000000 61147.5625000000 25302.8750000000 58991.4062500000 42618.2500000000 44212.9062500000 36450.2500000000 23564.3750000000 53275.7812500000 63454.6250000000
# name: fitnesses
# type: matrix
# rows: 7
# columns: 20
 121 122 120 122 124 121 120 128 123 124 127 126 127 128 126 126 126 124 122 122
 121 128 125 128 128 124 120 128 113 124 128 124 127 128 128 128 128 128 114 128
 122 126 120 125 128 123 112 113 122 128 112 128 120 128 125 128 128 117 122 128
 128 107 128 125 128 128 122 128 126 126 117 114 113 128 121 128 110 117 128 128
 113 111 128 115 128 128 128 128 121 128 128 128 110 118 128 128 128 128 128 118
 128 128 128 128 124 125 115 128 128 112 128 128 128 107 120 128 116 128 112 120
 118 122 128 128 128 128 112 128 128 127 128 122 128 118 128 117 128 128 127 121
