# Created by manolo on 2013.06.11_02.19.12 <manolo@pinwino2>
# name: runtime
# type: matrix
# rows: 9
# columns: 20
 110.039189100266 95.3668670654297 108.112121820450 32.1070621013641 51.9491579532623 64.2852008342743 49.9994800090790 87.5680530071259 67.4530529975891 88.5531859397888 44.3604700565338 70.1744379997253 63.1149358749390 33.0298800468445 63.6448400020599 58.7401189804077 59.7978110313416 78.5456869602203 57.8796849250793 47.5995111465454
 47.4440140724182 37.2361798286438 45.9885871410370 0.947299003601074 61.4830508232117 50.4574089050293 69.1844379901886 26.2977628707886 96.8373279571533 59.3514997959137 63.2204029560089 20.7941589355469 57.7695901393890 72.8594238758087 70.6456670761108 85.2600638866425 19.0969710350037 77.8162159919739 76.1440949440002 57.0992360115051
 53.7195639610291 40.9015510082245 83.5182328224182 37.8787279129028 84.9807589054108 66.4277451038361 46.2611069679260 71.4468290805817 58.1393611431122 38.0927710533142 59.0269098281860 40.9193651676178 54.8682270050049 36.9547488689423 32.9655621051788 45.2195661067963 57.7106950283051 41.6100599765778 53.6190350055695 59.5012228488922
 128.689687967300 42.1434302330017 34.5588159561157 108.712663888931 85.2368841171265 62.4658730030060 50.8298490047455 55.5464289188385 36.2933468818665 135.231077909470 79.7802119255066 95.2891957759857 76.2248909473419 80.7980780601501 32.6845569610596 78.4539949893951 92.0660798549652 65.2619631290436 52.3069128990173 16.7935359477997
 46.1149468421936 35.1193330287933 65.3945989608765 33.8033070564270 54.5565021038055 69.0978431701660 34.0938570499420 70.2223100662231 64.7653381824493 51.6149129867554 48.3488111495972 69.8370540142059 59.4389600753784 93.9259288311005 35.6739459037781 49.8055748939514 23.3222949504852 79.4353339672089 44.6591410636902 3.90121889114380
 45.0169768333435 54.3395371437073 61.3130769729614 59.8474328517914 45.3965380191803 58.4317998886108 57.7288758754730 60.2354218959808 60.4490911960602 5.42156314849854 44.0692050457001 58.0857000350952 46.2741408348083 65.2399749755859 37.2411341667175 43.7679998874664 84.5511348247528 48.3261170387268 54.7354249954224 45.7396321296692
 16.9232039451599 6.92115497589111 42.8142189979553 45.5888011455536 61.0799930095673 54.3666460514069 52.4218959808350 89.1136138439178 28.4795448780060 45.6762740612030 60.4999539852142 36.2770137786865 57.4896571636200 54.6011128425598 51.3310539722443 69.2602880001068 44.9143779277802 33.5538649559021 91.7930099964142 34.0511589050293
 79.3081090450287 5.48718094825745 58.6598939895630 69.3074409961700 48.6062858104706 21.3157918453217 55.8106369972229 43.2631940841675 21.5882389545441 42.9310240745544 60.7891681194305 56.0846488475800 47.1961798667908 9.11728215217590 63.2482190132141 42.1532840728760 30.6587929725647 78.8923509120941 55.3295018672943 60.9660801887512
 85.5772991180420 116.162338972092 42.6185991764069 110.031278133392 100.734093904495 83.1338880062103 158.351149797440 101.918647050858 44.9895591735840 111.832628011703 4.40897297859192 62.3825881481171 60.3986370563507 99.3502078056335 89.5780348777771 112.647446155548 87.5392520427704 87.5818150043488 129.515203952789 74.0348207950592
