# name: evaluations
# type: matrix
# rows: 9
# columns: 20
 37404.5000000001 43122.3000000000 38878.0999999999 12915.6000000000 23802.1999999999 23729.5000000000 19264.5999999999 34780.4000000000 27330.9000000000 33532.6000000002 20943.9000000000 26170.8000000000 35115.4999999999 12277.5000000000 24597.4000000000 22781.9000000000 23769.5000000000 32786.4000000000 23147.3000000001 22553.8000000000
 24745 21438.1000000000 26974.3000000000 1425.90000000000 40383.9000000000 28674.3000000000 40634.4000000000 17990.3000000000 66148.6000000003 37532.6000000000 40488.6000000001 14293.5000000000 43808.6000000000 38976.2999999999 37754.8000000000 44343.5000000000 15221.9000000000 49592.0000000001 37734.1999999999 36087.8000000001
 28382.1000000000 28110.7000000000 54132.7000000000 21252.6000000000 54924.4999999999 30700.1000000000 29311.7000000000 45202.3000000000 34770.9000000000 19460.2000000000 31462.7000000000 25237.7000000000 30862 17544.1000000000 25969.8000000000 22697.7000000000 28874.5000000000 25941.1000000000 35909.7000000001 32786.2000000000
 64753.9000000001 23560 17696.4000000000 51780.8999999998 36075.8000000000 33931.3000000002 26356.2000000000 29716 24286.8000000000 52219.1000000000 35922.6000000000 48086.6000000000 25485.6000000000 32861.2000000000 20289.5000000000 36086.8999999999 45688.6000000000 41201.9000000000 34940.7000000000 11639.1000000000
 42191.2000000000 41847.5000000000 53666.7000000000 33720.7000000000 60851.3000000000 61527.7000000000 30433.2000000000 60403.3000000000 67162.5000000000 44540 48966.6000000000 67776.6000000000 75077.5000000001 85908.5000000000 33622.4000000000 48147.4000000000 26901.7000000000 73954.3000000000 40065.3000000000 6541.50000000000
 42294.1000000000 39541.7000000000 56694.6000000000 44865.1000000000 33363.8000000000 61703.8000000000 52535.2000000000 48326.7000000000 50676.1000000000 11057.9000000000 47112 49570.8000000000 41728.8000000000 62292.8000000000 26888.2000000000 40065.5000000000 78604.1000000000 48011.7000000000 51167.8000000000 48280.1000000000
 19081.5000000000 10473.3000000000 27495.2000000000 39332.9000000000 45974.6000000000 40601.4000000000 35888.1000000000 61977.3000000000 19913.6000000000 35281.9000000000 45187.9000000000 29221.6000000000 45812.7000000000 37585.8000000000 35777.3000000000 49557.1000000000 35036.9000000000 32969.9000000000 57690.3000000000 28736.8000000000
 71950.9000000000 9700.30000000000 49660.7000000000 58293.9000000000 42016.7000000000 19148.7000000000 41530.6000000000 31719.4000000000 22624.5000000000 33350.5000000000 48986.6000000000 42875.0000000000 30875.9000000000 14956 56819.6000000000 32372 27738.7000000000 57554.2000000000 41873.8000000000 51633.4000000000
 52793.8000000000 51625.6999999999 26311.6000000000 63959.9999999999 61237.6000000000 53235.9000000000 67419.9000000000 61420.3000000000 27687.6000000000 61528.6000000000 7942.60000000000 40960.6000000000 40249.1000000000 43263.8000000000 50703.1000000000 63350.7000000000 51112.7000000000 45670.6000000000 70837.8000000000 42875.9000000000
