# Created by manolo on 2013.06.11_02.19.12 <manolo@pinwino2>
# name: runtime
# type: matrix
# rows: 9
# columns: 20
 110.039189100266 95.3668670654297 108.112121820450 32.1070621013641 51.9491579532623 64.2852008342743 49.9994800090790 87.5680530071259 67.4530529975891 88.5531859397888 44.3604700565338 70.1744379997253 63.1149358749390 33.0298800468445 63.6448400020599 58.7401189804077 59.7978110313416 78.5456869602203 57.8796849250793 47.5995111465454
 47.4440140724182 37.2361798286438 45.9885871410370 0.947299003601074 61.4830508232117 50.4574089050293 69.1844379901886 26.2977628707886 96.8373279571533 59.3514997959137 63.2204029560089 20.7941589355469 57.7695901393890 72.8594238758087 70.6456670761108 85.2600638866425 19.0969710350037 77.8162159919739 76.1440949440002 57.0992360115051
 53.7195639610291 40.9015510082245 83.5182328224182 37.8787279129028 84.9807589054108 66.4277451038361 46.2611069679260 71.4468290805817 58.1393611431122 38.0927710533142 59.0269098281860 40.9193651676178 54.8682270050049 36.9547488689423 32.9655621051788 45.2195661067963 57.7106950283051 41.6100599765778 53.6190350055695 59.5012228488922
 128.689687967300 42.1434302330017 34.5588159561157 108.712663888931 85.2368841171265 62.4658730030060 50.8298490047455 55.5464289188385 36.2933468818665 135.231077909470 79.7802119255066 95.2891957759857 76.2248909473419 80.7980780601501 32.6845569610596 78.4539949893951 92.0660798549652 65.2619631290436 52.3069128990173 16.7935359477997
 46.1149468421936 35.1193330287933 65.3945989608765 33.8033070564270 54.5565021038055 69.0978431701660 34.0938570499420 70.2223100662231 64.7653381824493 51.6149129867554 48.3488111495972 69.8370540142059 59.4389600753784 93.9259288311005 35.6739459037781 49.8055748939514 23.3222949504852 79.4353339672089 44.6591410636902 3.90121889114380
 45.0169768333435 54.3395371437073 61.3130769729614 59.8474328517914 45.3965380191803 58.4317998886108 57.7288758754730 60.2354218959808 60.4490911960602 5.42156314849854 44.0692050457001 58.0857000350952 46.2741408348083 65.2399749755859 37.2411341667175 43.7679998874664 84.5511348247528 48.3261170387268 54.7354249954224 45.7396321296692
 16.9232039451599 6.92115497589111 42.8142189979553 45.5888011455536 61.0799930095673 54.3666460514069 52.4218959808350 89.1136138439178 28.4795448780060 45.6762740612030 60.4999539852142 36.2770137786865 57.4896571636200 54.6011128425598 51.3310539722443 69.2602880001068 44.9143779277802 33.5538649559021 91.7930099964142 34.0511589050293
 79.3081090450287 5.48718094825745 58.6598939895630 69.3074409961700 48.6062858104706 21.3157918453217 55.8106369972229 43.2631940841675 21.5882389545441 42.9310240745544 60.7891681194305 56.0846488475800 47.1961798667908 9.11728215217590 63.2482190132141 42.1532840728760 30.6587929725647 78.8923509120941 55.3295018672943 60.9660801887512
 85.5772991180420 116.162338972092 42.6185991764069 110.031278133392 100.734093904495 83.1338880062103 158.351149797440 101.918647050858 44.9895591735840 111.832628011703 4.40897297859192 62.3825881481171 60.3986370563507 99.3502078056335 89.5780348777771 112.647446155548 87.5392520427704 87.5818150043488 129.515203952789 74.0348207950592
# name: experiments
# type: string
# elements: 9
# length: 10
L1-CR1-RR1
# length: 10
L2-CR1-RR1
# length: 10
L2-CR1-RR2
# length: 10
L2-CR2-RR1
# length: 10
L4-CR1-RR1
# length: 10
L4-CR1-RR2
# length: 10
L4-CR2-RR1
# length: 10
L4-CR1-RR4
# length: 10
L4-CR4-RR1
# name: evaluations
# type: matrix
# rows: 9
# columns: 20
 37404.5000000001 43122.3000000000 38878.0999999999 12915.6000000000 23802.1999999999 23729.5000000000 19264.5999999999 34780.4000000000 27330.9000000000 33532.6000000002 20943.9000000000 26170.8000000000 35115.4999999999 12277.5000000000 24597.4000000000 22781.9000000000 23769.5000000000 32786.4000000000 23147.3000000001 22553.8000000000
 24745 21438.1000000000 26974.3000000000 1425.90000000000 40383.9000000000 28674.3000000000 40634.4000000000 17990.3000000000 66148.6000000003 37532.6000000000 40488.6000000001 14293.5000000000 43808.6000000000 38976.2999999999 37754.8000000000 44343.5000000000 15221.9000000000 49592.0000000001 37734.1999999999 36087.8000000001
 28382.1000000000 28110.7000000000 54132.7000000000 21252.6000000000 54924.4999999999 30700.1000000000 29311.7000000000 45202.3000000000 34770.9000000000 19460.2000000000 31462.7000000000 25237.7000000000 30862 17544.1000000000 25969.8000000000 22697.7000000000 28874.5000000000 25941.1000000000 35909.7000000001 32786.2000000000
 64753.9000000001 23560 17696.4000000000 51780.8999999998 36075.8000000000 33931.3000000002 26356.2000000000 29716 24286.8000000000 52219.1000000000 35922.6000000000 48086.6000000000 25485.6000000000 32861.2000000000 20289.5000000000 36086.8999999999 45688.6000000000 41201.9000000000 34940.7000000000 11639.1000000000
 42191.2000000000 41847.5000000000 53666.7000000000 33720.7000000000 60851.3000000000 61527.7000000000 30433.2000000000 60403.3000000000 67162.5000000000 44540 48966.6000000000 67776.6000000000 75077.5000000001 85908.5000000000 33622.4000000000 48147.4000000000 26901.7000000000 73954.3000000000 40065.3000000000 6541.50000000000
 42294.1000000000 39541.7000000000 56694.6000000000 44865.1000000000 33363.8000000000 61703.8000000000 52535.2000000000 48326.7000000000 50676.1000000000 11057.9000000000 47112 49570.8000000000 41728.8000000000 62292.8000000000 26888.2000000000 40065.5000000000 78604.1000000000 48011.7000000000 51167.8000000000 48280.1000000000
 19081.5000000000 10473.3000000000 27495.2000000000 39332.9000000000 45974.6000000000 40601.4000000000 35888.1000000000 61977.3000000000 19913.6000000000 35281.9000000000 45187.9000000000 29221.6000000000 45812.7000000000 37585.8000000000 35777.3000000000 49557.1000000000 35036.9000000000 32969.9000000000 57690.3000000000 28736.8000000000
 71950.9000000000 9700.30000000000 49660.7000000000 58293.9000000000 42016.7000000000 19148.7000000000 41530.6000000000 31719.4000000000 22624.5000000000 33350.5000000000 48986.6000000000 42875.0000000000 30875.9000000000 14956 56819.6000000000 32372 27738.7000000000 57554.2000000000 41873.8000000000 51633.4000000000
 52793.8000000000 51625.6999999999 26311.6000000000 63959.9999999999 61237.6000000000 53235.9000000000 67419.9000000000 61420.3000000000 27687.6000000000 61528.6000000000 7942.60000000000 40960.6000000000 40249.1000000000 43263.8000000000 50703.1000000000 63350.7000000000 51112.7000000000 45670.6000000000 70837.8000000000 42875.9000000000
# name: fitnesses
# type: matrix
# rows: 9
# columns: 20
 10 10 10 10 10 10 10 10 10 10 10 10 10 10 10 10 10 10 10 10
 10 10 10 10 10 10 10 10 10 10 10 10 10 10 10 10 10 10 10 10
 10 10 10 10 10 10 10 10 10 10 10 10 10 10 10 10 10 10 10 10
 10 10 10 10 10 10 10 10 10 10 10 10 10 10 10 10 10 10 10 10
 10 10 10 10 10 10 10 10 10 10 10 10 10 10 10 10 10 10 10 10
 10 10 10 10 10 10 10 10 10 10 10 10 10 10 10 10 10 10 10 10
 10 10 10 10 10 10 10 10 10 10 10 10 10 10 10 10 10 10 10 10
 10 10 10 10 10 10 10 10 10 10 10 10 10 10 10 10 10 10 10 10
 10 10 10 10 10 10 10 10 10 10 10 10 10 10 10 10 10 10 10 10
