# name: evaluations
# type: matrix
# rows: 9
# columns: 20
 10220.5000000000 11908.0625000000 12480.5000000000 4332.31250000000 9586.37500000000 14641.8125000000 5636.18750000000 7069.56250000000 8791.18750000000 16647 13227.3750000000 11649.8125000000 8968.50000000000 8771.93750000000 13404.9375000000 12267.2500000000 15977.1250000000 7337.75000000000 11425.1250000000 6590.25000000000
 9301.25000000000 12674.3750000000 5342.37500000000 6945.56250000000 13431.9375000000 5346.93750000000 8059.75000000000 5000.25000000000 8176 12387.1875000000 5715.18750000000 12042.5000000000 1922.62500000000 13079.3125000000 4498.25000000000 6969.37500000000 5500 4979.06250000000 7563.87500000000 10168.0625000000
 5359.81250000000 8950.43750000000 2883.93750000000 6843.81250000000 9085.75000000000 8380.93750000000 7503.75000000000 5587.81250000000 10361.6875000000 8890.31250000000 11251.2500000000 9739.50000000000 4041.87500000000 7964.75000000000 5484.31250000000 5798.93750000000 4557.62500000000 11876.1875000000 6543.62500000000 1380.12500000000
 5746.50000000000 11326.9375000000 6505.18750000000 9613.56250000000 1619.93750000000 9970.75000000000 9853.56250000000 11807.2500000000 8766.93750000000 6603.31250000000 2510.87500000000 5042.31250000000 8209.75000000000 7833.56250000000 4398 9721.43750000000 7403.56250000000 14370.1875000000 5056.37500000000 4028.56250000000
 4949.62500000000 4654.62500000000 6404.43750000000 5450.06250000000 5934.56250000000 6385.62500000000 7577.25000000000 8544.56250000000 6665.81250000000 6268.68750000000 7940 7066.93750000000 8265.18750000000 1289 16359.3750000000 4954.43750000000 10122.5625000000 4995.68750000000 13051.8125000000 5896.68750000000
 1772.31250000000 6825.87500000000 8309.12500000000 9322.43750000000 2921.43750000000 7773.18750000000 2420.25000000000 6499.31250000000 1553.56250000000 3932.50000000000 6150.25000000000 8279.43750000000 5466.31250000000 4295.87500000000 6338.37500000000 6397.18750000000 7923.56250000000 2554.81250000000 8746.12500000000 6169.43750000000
 10493.6875000000 10457.8750000000 6427.87500000000 4506.62500000000 13042.3125000000 6331.06250000000 1243.37500000000 6289.37500000000 9133.56250000000 8186.62500000000 10633.6250000000 3522.62500000000 4786.75000000000 7303.81250000000 8860.43750000000 2347.43750000000 4868.06250000000 7039.12500000000 2950.37500000000 3253.87500000000
 8459.56250000000 10835.0625000000 7481.68750000000 5359.06250000000 5248.62500000000 8732.56250000000 6705.93750000000 10191.3750000000 5362.50000000000 3716.68750000000 8434.37500000000 6176 5979.12500000000 7117.43750000000 5214.18750000000 4699.62500000000 2617.06250000000 1157.68750000000 1103.62500000000 5186.43750000000
 1482.18750000000 4129.56250000000 8945.56250000000 7047.43750000000 8243.43750000000 5546.43750000000 3624 5313.12500000000 6215 5247.43750000000 2377.93750000000 1834.81250000000 10568.2500000000 4742 8339.25000000000 6620.87500000000 4520.75000000000 2253.93750000000 7365.50000000000 9448.37500000000
