# Created by manolo on 2013.05.31_05.07.11 <manolo@pinwino2>
# name: runtime
# type: matrix
# rows: 9
# columns: 20
 17.8137640953064 20.8456931114197 21.4035470485687 8.50410580635071 16.6057879924774 24.0630550384521 8.71135091781616 12.4732160568237 16.4019310474396 30.3122200965881 21.1816840171814 19.6637229919434 14.4605970382690 16.7803030014038 22.6583759784698 20.5080749988556 27.1724438667297 12.5322430133820 17.9417958259583 11.1131651401520
 15.3784840106964 20.1530129909515 7.37569403648376 11.7183020114899 20.8061821460724 9.14173293113708 11.7207059860229 8.91132020950317 13.4761359691620 19.1834621429443 10.3202099800110 18.3558859825134 3.60194420814514 18.3674371242523 8.04220986366272 12.2350158691406 9.91924095153809 8.87739205360413 12.7433190345764 15.4746649265289
 9.56733083724976 14.0613379478455 4.93386507034302 10.1269421577454 12.6791760921478 14.0235369205475 11.4364681243896 9.15191411972046 17.2451360225677 15.2882471084595 16.1609899997711 15.0797481536865 6.25594401359558 12.8816449642181 9.08195281028748 11.0163159370422 7.27730393409729 19.7180991172791 10.6881239414215 2.64524817466736
 12.6349890232086 37.1938140392303 19.0515010356903 31.1768960952759 3.33079910278320 21.1200859546661 18.7985138893127 21.4815959930420 16.9766998291016 10.5657989978790 5.03911495208740 9.41003584861755 16.7535638809204 16.3204479217529 7.42919707298279 18.4578258991241 13.7116200923920 25.7628822326660 9.81530809402466 8.66319298744202
 9.11948895454407 9.94979405403137 10.7086060047150 10.2506480216980 10.7210149765015 12.4321000576019 13.8121519088745 14.9734220504761 13.1919529438019 11.6035139560699 15.4495749473572 12.2725000381470 15.1312470436096 2.99847698211670 31.2631959915161 7.08616995811462 19.5228571891785 10.2150080204010 22.7014110088348 11.4963908195496
 3.37810301780701 11.4910020828247 11.6272821426392 13.4206750392914 6.05089187622070 12.6333298683167 5.36118698120117 9.41059994697571 1.72169113159180 6.31754922866821 9.96965408325195 16.5388169288635 7.72039914131165 7.64334297180176 11.6434431076050 12.8100590705872 13.0496039390564 4.60537290573120 17.3451211452484 10.4753730297089
 29.0408208370209 27.8429570198059 17.6635890007019 10.1260430812836 43.1301770210266 14.3960909843445 3.48917698860168 17.0752410888672 25.0742809772491 24.2664270401001 29.3636758327484 7.44288492202759 12.6304581165314 20.6937310695648 24.9189488887787 5.79305887222290 10.2388570308685 17.9635241031647 7.88423204421997 6.43220901489258
 15.8057830333710 22.8586728572845 18.0621509552002 8.32226705551147 8.98133492469788 19.9107670783997 14.2260520458221 23.0478289127350 10.7348101139069 5.85866904258728 17.5640511512756 12.6684699058533 14.6784501075745 16.3993818759918 10.2514770030975 10.8987648487091 5.13510584831238 2.00170207023621 2.62998485565186 11.0536358356476
 2.24146199226379 6.61883211135864 18.9184579849243 13.2279031276703 19.9815499782562 10.0778639316559 5.64905810356140 9.50709915161133 13.1529259681702 11.6368708610535 3.75710582733154 3.18769097328186 24.0915069580078 9.09993815422058 15.6270468235016 10.7289378643036 6.70884513854980 4.90874791145325 14.1007318496704 17.0825510025024
