# Created by Octave 3.2.4, Wed Jun 12 13:46:24 2013 CEST <mge@miga>
# name: table_evaluations
# type: matrix
# rows: 9
# columns: 8
 0 0 0 0 0 0 0 0
 0.03046380272268889 0 0 0 0 0 0 0
 0.002677192960306662 0.5699997477501184 0 0 0 0 0 0
 0.01017694450296025 0.7454830184564079 0.8076561934993387 0 0 0 0 0
 0.001702149833863187 0.4651748036184682 0.6651590382763763 0.5162077306368926 0 0 0 0
 3.493346903304939e-05 0.07421171617678768 0.1045882628289556 0.06197757443380514 0.3437645971341303 0 0 0
 0.001286561635096106 0.2339662537301923 0.5338418935166511 0.3437645971341303 0.6651590382763763 0.386707992551737 0 0
 9.811254513003576e-05 0.1104987840199323 0.151670819985267 0.1762139955513056 0.3867079925517372 0.9138367624408553 0.6263280630826087 0
 6.997725623092421e-05 0.04830714259064894 0.09893159920140882 0.07870399677767326 0.1941484512659786 0.9353224500925261 0.4488087629392732 0.6849253186565316
# name: table_runtime
# type: matrix
# rows: 9
# columns: 8
 0 0 0 0 0 0 0 0
 0.00629398701178685 0 0 0 0 0 0 0
 0.0006536629671158867 0.4818673682837038 0 0 0 0 0 0
 0.2914466046445052 0.2133876641829903 0.06993121216128317 0 0 0 0 0
 0.006830255863043977 0.9138367624408553 0.4651748036184682 0.2914466046445052 0 0 0 0
 5.566702833736947e-05 0.05829058013948885 0.2447670956079582 0.01017694450296025 0.06993121216128317 0 0 0
 0.725099894360143 0.1941484512659786 0.05478766617822595 0.6849253186565316 0.2235075876592996 0.008693986098127549 0 0
 0.009409435392827792 0.9138367624408552 0.5517753193316761 0.2339662537301923 1 0.1368155441885339 0.1298217973765268 0
 0.001413351160154841 0.2914466046445052 0.6651590382763763 0.05478766617822606 0.2792509453687377 0.5338418935166511 0.02654751711549208 0.4017203290879254
