# name: evaluations
# type: matrix
# rows: 9
# columns: 20
 11978.8750000000 27670.6250000000 19495.1250000000 44015.5625000000 13035.6875000000 26157.5625000000 35641.1250000000 26432.3750000000 27935.5625000000 18959.5000000000 29837.3750000000 8158 26837 25368.0625000000 70809.3125000000 28957.8125000000 29283.6875000000 30085.4375000000 34997.1875000000 21996.4375000000
 11536 26429.3750000000 45054.3125000000 7226.12500000000 45652.9375000000 38011.1875000000 5237 23797.6875000000 18296.7500000000 27117.8125000000 25040.1875000000 16023.0625000000 32906.2500000000 33821.3750000000 33480.9375000000 52682.0625000000 25188.2500000000 24368.3125000000 58549.2500000000 38889.9375000000
 49216.1250000000 11318.1875000000 60616.7500000000 30892.7500000000 29370.6250000000 21223.3750000000 22505.6250000000 49364.8750000000 22434.0625000000 42217.5000000000 45876.5625000000 36741.8750000000 43606.6250000000 9237.50000000000 26846.0625000000 18867.1875000000 39126.3125000000 100686.375000000 42210.6875000000 9991.87500000000
 16675.3125000000 17329.1250000000 72405 16408.4375000000 28871.6875000000 39117.2500000000 92296.5625000000 29464.5625000000 26454.4375000000 66236.8750000000 29221.8750000000 34269.0625000000 30944.1875000000 14268.3750000000 14996.3750000000 7878.12500000000 53864.6875000000 38348.3750000000 10617.7500000000 1410.25000000000
 48042.0625000000 19685.0625000000 6842.37500000000 8389.18750000000 41987.6875000000 44035.3125000000 38532.1875000000 35248.8750000000 36661.2500000000 39903.8750000000 43051.8125000000 31588.4375000000 6173.06250000000 33513.3750000000 21283.1875000000 50988.5625000000 42318.0625000000 62323.8750000000 34463.6875000000 60115.3125000000
 46642.6250000000 41786.5625000000 113231.500000000 45648.6250000000 16362.3125000000 43005.2500000000 97511.2500000000 149925.875000000 46812.6250000000 37779.6250000000 23666.9375000000 56352.1875000000 101831.750000000 44153.9375000000 52664.7500000000 36370.3125000000 18189.5625000000 31579.5000000000 34319.9375000000 27662.1875000000
 54674.9375000000 28858.8750000000 72404.1250000000 53799.7500000000 30070.7500000000 34387.3125000000 33151.5000000000 10894.4375000000 34606.5000000000 19970.1875000000 20903.2500000000 27810.8750000000 98966.8750000000 42754 33486.4375000000 58506.7500000000 56919.3125000000 28649.3750000000 21808.7500000000 13533.6250000000
 37099 31834.9375000000 33142 50724.1250000000 17690.5625000000 6175.12500000000 44376.6250000000 27275.1250000000 22700 50099.8125000000 12643.8750000000 29059.3750000000 112480.812500000 37961.1250000000 53374.0625000000 41417.8125000000 57962.5000000000 92040.7500000000 20301.1250000000 31435.1875000000
 39410.9375000000 42183.3750000000 41837.8750000000 51068.7500000000 35476.1875000000 39946.9375000000 17290 32304.2500000000 32835.6250000000 23532.3125000000 49720.8125000000 85382 42145.2500000000 40110.4375000000 46045.6250000000 45790.9375000000 91086.7500000000 34087.6875000000 62172 31228.5625000000
