# Created by manolo on 2013.06.09_05.02.09 <manolo@pinwino2>
# name: runtime
# type: matrix
# rows: 9
# columns: 20
 48.7750661373138 59.2744090557098 66.3436138629913 162.124592065811 29.0396850109100 110.261522054672 130.555440902710 128.223112106323 93.3491439819336 88.2359800338745 93.7856309413910 27.0793640613556 92.6959400177002 69.9272809028625 413.688771963120 136.601983785629 115.581820964813 133.157105922699 123.907608032227 79.1652379035950
 19.7281241416931 43.0845038890839 106.339816093445 14.1428790092468 93.4133949279785 74.8931210041046 8.07999300956726 58.9654788970947 38.8927121162415 77.3189818859100 61.1426250934601 13.4724428653717 77.3916049003601 77.5547029972076 68.8307540416718 166.905503034592 45.4778459072113 38.7698869705200 142.131727218628 85.8161110877991
 77.8494329452515 16.7021980285645 112.705005884171 56.8673131465912 58.0802261829376 36.9827380180359 41.3638980388641 89.2448539733887 37.6245050430298 51.8822479248047 85.8196811676025 52.5589249134064 91.4194347858429 12.8690559864044 34.1237559318542 27.0497848987579 72.8491079807281 176.493150949478 76.3672931194305 20.6348490715027
 48.3802421092987 28.1752338409424 182.646916866302 23.5175929069519 99.3557751178741 84.2773189544678 207.261359930038 76.7251908779144 59.2568950653076 162.846490859985 69.1437630653381 77.5258800983429 83.4883091449738 30.9522459506989 45.4655420780182 20.5346100330353 191.944810152054 86.1427218914032 21.5656750202179 0.773324012756348
 51.1420569419861 32.7594261169434 6.95310902595520 7.06904792785645 45.7382450103760 45.7878611087799 42.8468501567841 35.1439738273621 46.9995491504669 47.1097910404205 64.6566541194916 52.1465430259705 6.85950589179993 41.8301508426666 19.0837371349335 81.3980629444122 63.4277560710907 102.893785953522 33.5343201160431 81.5931160449982
 52.8843610286713 49.2984549999237 118.573071002960 42.9912128448486 16.7083508968353 40.7793931961060 116.941087007523 191.013076066971 48.4073288440704 49.9322321414948 25.5984849929810 60.3616931438446 126.921567916870 59.1307399272919 61.8975110054016 41.3001220226288 19.2893099784851 42.4219439029694 47.4829888343811 36.1263148784637
 93.2309288978577 30.5768499374390 147.026381969452 97.5961728096008 67.2578320503235 46.8561351299286 43.4533729553223 14.0448441505432 77.5337870121002 29.4600660800934 31.7159500122070 45.2703490257263 179.893146991730 62.7999389171600 78.4020678997040 120.053610086441 105.558821916580 56.0435299873352 31.1290850639343 25.7019479274750
 43.4277958869934 37.4642310142517 36.7929718494415 64.4063448905945 21.5953810214996 5.11710309982300 52.7056901454926 31.0961210727692 26.6167910099030 50.4956820011139 11.6736559867859 43.5784239768982 143.792452096939 44.4780380725861 70.3858358860016 43.5944321155548 73.3146469593048 111.563970088959 25.3064789772034 44.9583711624146
 71.0026659965515 88.5082769393921 69.7575209140778 83.4082639217377 58.3065159320831 82.6861350536346 27.9437489509583 53.7662909030914 80.3134369850159 29.2089819908142 109.893990993500 212.240838050842 76.3492338657379 79.3579401969910 102.739632129669 82.0502719879150 224.994344949722 47.0771458148956 98.6316199302673 49.1492500305176
