# Created by manolo on 2013.06.09_05.02.09 <manolo@pinwino2>
# name: runtime
# type: matrix
# rows: 9
# columns: 20
 48.7750661373138 59.2744090557098 66.3436138629913 162.124592065811 29.0396850109100 110.261522054672 130.555440902710 128.223112106323 93.3491439819336 88.2359800338745 93.7856309413910 27.0793640613556 92.6959400177002 69.9272809028625 413.688771963120 136.601983785629 115.581820964813 133.157105922699 123.907608032227 79.1652379035950
 19.7281241416931 43.0845038890839 106.339816093445 14.1428790092468 93.4133949279785 74.8931210041046 8.07999300956726 58.9654788970947 38.8927121162415 77.3189818859100 61.1426250934601 13.4724428653717 77.3916049003601 77.5547029972076 68.8307540416718 166.905503034592 45.4778459072113 38.7698869705200 142.131727218628 85.8161110877991
 77.8494329452515 16.7021980285645 112.705005884171 56.8673131465912 58.0802261829376 36.9827380180359 41.3638980388641 89.2448539733887 37.6245050430298 51.8822479248047 85.8196811676025 52.5589249134064 91.4194347858429 12.8690559864044 34.1237559318542 27.0497848987579 72.8491079807281 176.493150949478 76.3672931194305 20.6348490715027
 48.3802421092987 28.1752338409424 182.646916866302 23.5175929069519 99.3557751178741 84.2773189544678 207.261359930038 76.7251908779144 59.2568950653076 162.846490859985 69.1437630653381 77.5258800983429 83.4883091449738 30.9522459506989 45.4655420780182 20.5346100330353 191.944810152054 86.1427218914032 21.5656750202179 0.773324012756348
 51.1420569419861 32.7594261169434 6.95310902595520 7.06904792785645 45.7382450103760 45.7878611087799 42.8468501567841 35.1439738273621 46.9995491504669 47.1097910404205 64.6566541194916 52.1465430259705 6.85950589179993 41.8301508426666 19.0837371349335 81.3980629444122 63.4277560710907 102.893785953522 33.5343201160431 81.5931160449982
 52.8843610286713 49.2984549999237 118.573071002960 42.9912128448486 16.7083508968353 40.7793931961060 116.941087007523 191.013076066971 48.4073288440704 49.9322321414948 25.5984849929810 60.3616931438446 126.921567916870 59.1307399272919 61.8975110054016 41.3001220226288 19.2893099784851 42.4219439029694 47.4829888343811 36.1263148784637
 93.2309288978577 30.5768499374390 147.026381969452 97.5961728096008 67.2578320503235 46.8561351299286 43.4533729553223 14.0448441505432 77.5337870121002 29.4600660800934 31.7159500122070 45.2703490257263 179.893146991730 62.7999389171600 78.4020678997040 120.053610086441 105.558821916580 56.0435299873352 31.1290850639343 25.7019479274750
 43.4277958869934 37.4642310142517 36.7929718494415 64.4063448905945 21.5953810214996 5.11710309982300 52.7056901454926 31.0961210727692 26.6167910099030 50.4956820011139 11.6736559867859 43.5784239768982 143.792452096939 44.4780380725861 70.3858358860016 43.5944321155548 73.3146469593048 111.563970088959 25.3064789772034 44.9583711624146
 71.0026659965515 88.5082769393921 69.7575209140778 83.4082639217377 58.3065159320831 82.6861350536346 27.9437489509583 53.7662909030914 80.3134369850159 29.2089819908142 109.893990993500 212.240838050842 76.3492338657379 79.3579401969910 102.739632129669 82.0502719879150 224.994344949722 47.0771458148956 98.6316199302673 49.1492500305176
# name: experiments
# type: string
# elements: 9
# length: 10
L1-CR1-RR1
# length: 10
L2-CR1-RR1
# length: 10
L2-CR1-RR2
# length: 10
L2-CR2-RR1
# length: 10
L4-CR1-RR1
# length: 10
L4-CR1-RR2
# length: 10
L4-CR2-RR1
# length: 10
L4-CR1-RR4
# length: 10
L4-CR4-RR1
# name: evaluations
# type: matrix
# rows: 9
# columns: 20
 11978.8750000000 27670.6250000000 19495.1250000000 44015.5625000000 13035.6875000000 26157.5625000000 35641.1250000000 26432.3750000000 27935.5625000000 18959.5000000000 29837.3750000000 8158 26837 25368.0625000000 70809.3125000000 28957.8125000000 29283.6875000000 30085.4375000000 34997.1875000000 21996.4375000000
 11536 26429.3750000000 45054.3125000000 7226.12500000000 45652.9375000000 38011.1875000000 5237 23797.6875000000 18296.7500000000 27117.8125000000 25040.1875000000 16023.0625000000 32906.2500000000 33821.3750000000 33480.9375000000 52682.0625000000 25188.2500000000 24368.3125000000 58549.2500000000 38889.9375000000
 49216.1250000000 11318.1875000000 60616.7500000000 30892.7500000000 29370.6250000000 21223.3750000000 22505.6250000000 49364.8750000000 22434.0625000000 42217.5000000000 45876.5625000000 36741.8750000000 43606.6250000000 9237.50000000000 26846.0625000000 18867.1875000000 39126.3125000000 100686.375000000 42210.6875000000 9991.87500000000
 16675.3125000000 17329.1250000000 72405 16408.4375000000 28871.6875000000 39117.2500000000 92296.5625000000 29464.5625000000 26454.4375000000 66236.8750000000 29221.8750000000 34269.0625000000 30944.1875000000 14268.3750000000 14996.3750000000 7878.12500000000 53864.6875000000 38348.3750000000 10617.7500000000 1410.25000000000
 48042.0625000000 19685.0625000000 6842.37500000000 8389.18750000000 41987.6875000000 44035.3125000000 38532.1875000000 35248.8750000000 36661.2500000000 39903.8750000000 43051.8125000000 31588.4375000000 6173.06250000000 33513.3750000000 21283.1875000000 50988.5625000000 42318.0625000000 62323.8750000000 34463.6875000000 60115.3125000000
 46642.6250000000 41786.5625000000 113231.500000000 45648.6250000000 16362.3125000000 43005.2500000000 97511.2500000000 149925.875000000 46812.6250000000 37779.6250000000 23666.9375000000 56352.1875000000 101831.750000000 44153.9375000000 52664.7500000000 36370.3125000000 18189.5625000000 31579.5000000000 34319.9375000000 27662.1875000000
 54674.9375000000 28858.8750000000 72404.1250000000 53799.7500000000 30070.7500000000 34387.3125000000 33151.5000000000 10894.4375000000 34606.5000000000 19970.1875000000 20903.2500000000 27810.8750000000 98966.8750000000 42754 33486.4375000000 58506.7500000000 56919.3125000000 28649.3750000000 21808.7500000000 13533.6250000000
 37099 31834.9375000000 33142 50724.1250000000 17690.5625000000 6175.12500000000 44376.6250000000 27275.1250000000 22700 50099.8125000000 12643.8750000000 29059.3750000000 112480.812500000 37961.1250000000 53374.0625000000 41417.8125000000 57962.5000000000 92040.7500000000 20301.1250000000 31435.1875000000
 39410.9375000000 42183.3750000000 41837.8750000000 51068.7500000000 35476.1875000000 39946.9375000000 17290 32304.2500000000 32835.6250000000 23532.3125000000 49720.8125000000 85382 42145.2500000000 40110.4375000000 46045.6250000000 45790.9375000000 91086.7500000000 34087.6875000000 62172 31228.5625000000
# name: fitnesses
# type: matrix
# rows: 9
# columns: 20
 64 64 64 64 64 64 64 64 64 64 64 64 64 64 64 64 64 64 64 64
 64 64 64 64 64 64 64 64 64 64 64 64 64 64 64 64 64 64 64 64
 64 64 64 64 64 64 64 64 64 64 64 64 64 64 64 64 64 64 64 64
 64 64 64 64 64 64 64 64 64 64 64 64 64 64 64 64 64 64 64 64
 64 64 64 64 64 64 64 64 64 64 64 64 64 64 64 64 64 64 64 64
 64 64 64 64 64 64 64 64 64 64 64 64 64 64 64 64 64 64 64 64
 64 64 64 64 64 64 64 64 64 64 64 64 64 64 64 64 64 64 64 64
 64 64 64 64 64 64 64 64 64 64 64 64 64 64 64 64 64 64 64 64
 64 64 64 64 64 64 64 64 64 64 64 64 64 64 64 64 64 64 64 64
