# Created by manolo on 2013.06.19_04.10.10 <manolo@pinwino2>
# name: runtime
# type: matrix
# rows: 7
# columns: 20
 60.1699788570404 60.0603239536285 60.6550109386444 60.2640419006348 60.1443448066711 60.1432600021362 60.6043670177460 60.2696568965912 60.1901848316193 59.9410240650177 60.2995340824127 60.1757919788361 59.9830131530762 60.0917520523071 60.1508758068085 60.0917079448700 60.0616021156311 59.9171822071075 60.1161749362946 60.4741740226746
 59.9670748710632 60.6187222003937 60.0257461071014 60.7862398624420 60.2736229896545 59.8943450450897 59.9092209339142 60.0897581577301 59.7047901153564 60.0350198745728 61.0067079067230 60.1385149955750 60.5047359466553 60.2071478366852 60.2666530609131 60.0303411483765 9.05378699302673 59.9037551879883 60.3369030952454 60.0811488628387
 60.0783770084381 60.0961430072784 60.0387988090515 60.0813767910004 59.8828401565552 60.2673258781433 60.0708220005035 60.3597998619080 60.3293049335480 59.7631690502167 60.2443499565125 61.5665159225464 60.0820529460907 60.7352311611176 60.3905341625214 60.3470339775085 59.7311029434204 60.0850000381470 59.6247739791870 59.6251449584961
 60.8621380329132 60.1462590694427 60.7579040527344 60.0793559551239 60.8191561698914 60.0333302021027 60.1914081573486 59.9682230949402 60.4922749996185 59.8031971454620 60.0643789768219 60.2032530307770 60.5299680233002 60.0903410911560 60.0735931396484 60.0610737800598 60.0973961353302 59.9553880691528 59.4495260715485 60.3048911094666
 60.3156659603119 59.6397669315338 59.9607219696045 60.8281240463257 60.0222301483154 59.7973642349243 60.1204011440277 60.1742539405823 60.3052339553833 60.1527869701385 59.6413209438324 59.2955780029297 60.5634999275208 60.1091527938843 60.0996141433716 60.1643400192261 60.1052579879761 60.2219500541687 59.9717259407043 60.1004958152771
 60.0796430110931 60.2550020217896 59.9663250446320 60.1354930400848 60.1057188510895 59.4607651233673 60.2761518955231 60.3568570613861 60.1606528759003 59.8374609947205 60.0881259441376 60.0578620433807 60.5619580745697 60.0633618831635 60.1329259872437 60.2334589958191 59.8296568393707 60.0493988990784 60.0000231266022 60.0271270275116
 60.1096060276031 60.0934200286865 60.2180140018463 60.2233989238739 60.2457151412964 60.0677180290222 60.1309340000153 60.0728690624237 60.2031438350677 60.3313770294189 60.1938929557800 60.2756099700928 60.1196179389954 60.1781959533691 60.0487310886383 60.0643761157990 60.3082590103149 60.2696721553802 60.1727459430695 59.8916440010071
