# name: evaluations
# type: matrix
# rows: 7
# columns: 20
 340704 309226 437650 344110 392844 319805 523895 310738 282805 253287 398795 284459 228720 366537 444183 303000 512515 348562 393249 352489
 415131 280276 248597 341585 211082 369813 367908 319327 345132 175238 324916 245470 223706 331062 270975 248874 73856 411951 287556 472235
 170554 177163 286131 183784 227894 133467 159150 347092 253496 275435 217856 91354 244582 173141 207031 90834 179722 282229 128249 89596
 82473 218957 130340 170752 155640 151838 179282 223808 81224 284297 263592 76859 198357 68990 85409 177397 124089 148534 336564 360169
 57259 161560 52441 198890 186164 90566 48714 81050 45506 150440 119719 50983 68382 213624 99218 209853 135041 63894 98481 113245
 89414 120682 87604 75493 59127 147808 64101 205206 32656 86956 59208 42375 56836 36120 135710 104552 52159 123894 62526 42265
 416849 149709 68735 306514 153214 297365 40247 360813 333937 98120 562307 531155 497253 351402 109818 57554 226839 398091 212254 197836
