# name: evaluations
# type: matrix
# rows: 9
# columns: 20
 31278.8750000000 6492.50000000000 13307.0625000000 25001.5625000000 6124 28382.0625000000 24105.1250000000 6990.81250000000 48299.0625000000 2251.56250000000 28756.6250000000 4532.37500000000 17306.3125000000 21139.9375000000 8203.37500000000 40393.4375000000 37433.3750000000 45581.4375000000 45340.0625000000 19656
 32850.6875000000 43326.8750000000 39889.4375000000 36515.5000000000 17523.6875000000 37632.9375000000 27675.7500000000 106927.250000000 36907.5000000000 14562.1250000000 7507.43750000000 27493.5000000000 79606.1875000000 22081 32952.2500000000 15269.9375000000 67887.1250000000 34331.5625000000 29850 27758.0625000000
 31572.9375000000 26147.1250000000 12188.5000000000 10098.4375000000 35371.5000000000 23078.7500000000 16093.9375000000 21095.4375000000 18268 20674.8750000000 28069.5000000000 48079 34858.2500000000 15663.8125000000 47062.8125000000 19639.7500000000 46056.7500000000 22821.5625000000 33527.6875000000 12433.6875000000
 19724.3125000000 58206.9375000000 9099.93750000000 7916.81250000000 34661.0625000000 16746.6250000000 24102.8125000000 52355.6250000000 9467.56250000000 9500.50000000000 39100.6875000000 39644 16767.1250000000 37096.7500000000 65148.5625000000 41395.3750000000 43833.5000000000 40985.1250000000 43356.8750000000 24853.2500000000
 51471.5000000000 61138.8125000000 40130.8125000000 18610.7500000000 34456.5000000000 28624.6250000000 71276.1875000000 35002.3125000000 15532.3125000000 41429.4375000000 33966.8125000000 39237.5625000000 14762.9375000000 13057.4375000000 24243.3750000000 30639 21858.3750000000 16655.7500000000 14098.4375000000 20343.5000000000
 32342.6250000000 30580 8458.87500000000 18461.3125000000 48868.7500000000 33636.8750000000 52069.2500000000 12409.2500000000 39911.2500000000 58564 15810.3750000000 20778.6250000000 14701.5000000000 29771.7500000000 25345.5000000000 44363 11255.1250000000 27729.0625000000 25875.2500000000 39696.8750000000
 101002.125000000 46624.4375000000 29301.0625000000 8331.93750000000 58210.2500000000 40746.1250000000 62680.8125000000 22125.6250000000 74705.4375000000 10122.9375000000 71167 32367.1250000000 22233.3125000000 42622.1875000000 31739.3750000000 38100.6875000000 31092.5625000000 13644.7500000000 45305.5625000000 34321.7500000000
 16087.6875000000 11687.2500000000 22196.7500000000 34789 47025.7500000000 50309.3750000000 23278.4375000000 42133.3125000000 6684.43750000000 31143.8750000000 17084.1875000000 5781.18750000000 47814 41815.6250000000 33495.9375000000 21783.8750000000 32702.8125000000 29874 25326.6250000000 8049.50000000000
 25336.1875000000 41843.6250000000 16370.5000000000 48248.1875000000 21984.3125000000 6562.06250000000 25390.0625000000 45094.6875000000 65211.9375000000 12637.6875000000 6000.81250000000 15886.8750000000 24735.3750000000 23542.8125000000 52497.0625000000 85735.5000000000 74631.4375000000 20623.3125000000 20941.8125000000 43430.8750000000
