# Created by manolo on 2013.06.09_18.41.28 <manolo@pinwino2>
# name: runtime
# type: matrix
# rows: 9
# columns: 20
 147.710302829742 22.6970682144165 43.3502478599548 71.4130671024323 12.0080988407135 163.913218021393 107.574745893478 29.2451260089874 179.441829919815 10.6135959625244 73.1536419391632 29.4314649105072 87.9047060012817 69.6142299175262 19.2655050754547 113.935219049454 148.673437833786 163.789748907089 143.892637968063 78.5288541316986
 78.2037220001221 104.008311986923 137.490211963654 86.0150229930878 39.8004062175751 103.597523927689 53.7315261363983 376.078191995621 80.5544130802155 33.4505629539490 17.9063029289246 75.6474318504333 224.797915935516 55.4739940166473 85.3314340114594 22.8208179473877 175.088837862015 70.8258039951324 49.1650040149689 64.3716950416565
 59.5819349288940 55.0494840145111 19.4531278610229 15.8031079769135 78.3808829784393 49.5869290828705 25.6586761474609 49.0637171268463 43.4758250713348 36.1607420444489 63.4320437908173 99.1142821311951 70.4281029701233 23.8000369071960 113.654895067215 42.3411018848419 120.307209014893 45.5175578594208 60.9747939109802 32.4808568954468
 40.5051100254059 187.467598915100 23.3177020549774 19.9025080204010 101.597656965256 43.1226701736450 74.8929841518402 136.339565992355 19.1290090084076 27.3614668846130 122.141753911972 195.138885974884 55.4191510677338 93.3489739894867 283.479423046112 132.857532978058 178.060004949570 121.662967920303 132.121261119843 66.6237111091614
 116.305824995041 86.4449348449707 69.7628309726715 31.3100619316101 96.7826840877533 20.4577288627625 127.061195850372 54.6136858463287 23.9202768802643 91.0390999317169 55.5220270156860 67.3679351806641 29.2588379383087 18.8127050399780 49.0760371685028 37.2476241588593 38.8466989994049 31.3798010349274 13.1616489887238 35.0292739868164
 43.6728041172028 43.8229258060455 11.6402521133423 21.7579638957977 85.9622440338135 56.3541820049286 81.7077720165253 20.3294630050659 51.4039227962494 75.0435380935669 19.3560190200806 31.9254930019379 22.2405149936676 41.4493649005890 33.8675611019135 67.1385419368744 20.5203258991241 49.7038080692291 29.3041508197784 68.8310809135437
 231.577376127243 73.6724050045013 73.7434189319611 20.7635550498962 114.175540924072 102.997106790543 113.368683099747 30.0470988750458 146.410071849823 24.3208291530609 141.848352909088 73.0658829212189 36.8674421310425 83.2053918838501 44.8056290149689 50.1098880767822 61.0866310596466 29.0843040943146 126.179769039154 59.3959541320801
 22.9571559429169 16.1771581172943 27.5245428085327 53.6323249340057 74.6405589580536 79.3126618862152 35.1035120487213 83.4859890937805 6.03686213493347 64.4492552280426 24.9728720188141 11.8368408679962 83.5888800621033 60.7465569972992 53.8772418498993 24.0872750282288 48.5736398696899 49.1213321685791 38.3768239021301 10.9828779697418
 55.3777971267700 54.6661400794983 27.8776941299438 94.2491970062256 61.3878920078278 5.91465091705322 70.1311421394348 128.227504014969 188.721039056778 23.3328969478607 15.1890878677368 33.2078888416290 63.9275619983673 53.1945660114288 105.937454938889 228.876111030579 230.297041893005 60.2834310531616 46.0452668666840 135.852430820465
# name: experiments
# type: string
# elements: 9
# length: 10
L1-CR1-RR1
# length: 10
L2-CR1-RR1
# length: 10
L2-CR1-RR2
# length: 10
L2-CR2-RR1
# length: 10
L4-CR1-RR1
# length: 10
L4-CR1-RR2
# length: 10
L4-CR2-RR1
# length: 10
L4-CR1-RR4
# length: 10
L4-CR4-RR1
# name: evaluations
# type: matrix
# rows: 9
# columns: 20
 31278.8750000000 6492.50000000000 13307.0625000000 25001.5625000000 6124 28382.0625000000 24105.1250000000 6990.81250000000 48299.0625000000 2251.56250000000 28756.6250000000 4532.37500000000 17306.3125000000 21139.9375000000 8203.37500000000 40393.4375000000 37433.3750000000 45581.4375000000 45340.0625000000 19656
 32850.6875000000 43326.8750000000 39889.4375000000 36515.5000000000 17523.6875000000 37632.9375000000 27675.7500000000 106927.250000000 36907.5000000000 14562.1250000000 7507.43750000000 27493.5000000000 79606.1875000000 22081 32952.2500000000 15269.9375000000 67887.1250000000 34331.5625000000 29850 27758.0625000000
 31572.9375000000 26147.1250000000 12188.5000000000 10098.4375000000 35371.5000000000 23078.7500000000 16093.9375000000 21095.4375000000 18268 20674.8750000000 28069.5000000000 48079 34858.2500000000 15663.8125000000 47062.8125000000 19639.7500000000 46056.7500000000 22821.5625000000 33527.6875000000 12433.6875000000
 19724.3125000000 58206.9375000000 9099.93750000000 7916.81250000000 34661.0625000000 16746.6250000000 24102.8125000000 52355.6250000000 9467.56250000000 9500.50000000000 39100.6875000000 39644 16767.1250000000 37096.7500000000 65148.5625000000 41395.3750000000 43833.5000000000 40985.1250000000 43356.8750000000 24853.2500000000
 51471.5000000000 61138.8125000000 40130.8125000000 18610.7500000000 34456.5000000000 28624.6250000000 71276.1875000000 35002.3125000000 15532.3125000000 41429.4375000000 33966.8125000000 39237.5625000000 14762.9375000000 13057.4375000000 24243.3750000000 30639 21858.3750000000 16655.7500000000 14098.4375000000 20343.5000000000
 32342.6250000000 30580 8458.87500000000 18461.3125000000 48868.7500000000 33636.8750000000 52069.2500000000 12409.2500000000 39911.2500000000 58564 15810.3750000000 20778.6250000000 14701.5000000000 29771.7500000000 25345.5000000000 44363 11255.1250000000 27729.0625000000 25875.2500000000 39696.8750000000
 101002.125000000 46624.4375000000 29301.0625000000 8331.93750000000 58210.2500000000 40746.1250000000 62680.8125000000 22125.6250000000 74705.4375000000 10122.9375000000 71167 32367.1250000000 22233.3125000000 42622.1875000000 31739.3750000000 38100.6875000000 31092.5625000000 13644.7500000000 45305.5625000000 34321.7500000000
 16087.6875000000 11687.2500000000 22196.7500000000 34789 47025.7500000000 50309.3750000000 23278.4375000000 42133.3125000000 6684.43750000000 31143.8750000000 17084.1875000000 5781.18750000000 47814 41815.6250000000 33495.9375000000 21783.8750000000 32702.8125000000 29874 25326.6250000000 8049.50000000000
 25336.1875000000 41843.6250000000 16370.5000000000 48248.1875000000 21984.3125000000 6562.06250000000 25390.0625000000 45094.6875000000 65211.9375000000 12637.6875000000 6000.81250000000 15886.8750000000 24735.3750000000 23542.8125000000 52497.0625000000 85735.5000000000 74631.4375000000 20623.3125000000 20941.8125000000 43430.8750000000
# name: fitnesses
# type: matrix
# rows: 9
# columns: 20
 64 64 64 64 64 64 64 64 64 64 64 64 64 64 64 64 64 64 64 64
 64 64 64 64 64 64 64 64 64 64 64 64 64 64 64 64 64 64 64 64
 64 64 64 64 64 64 64 64 64 64 64 64 64 64 64 64 64 64 64 64
 64 64 64 64 64 64 64 64 64 64 64 64 64 64 64 64 64 64 64 64
 64 64 64 64 64 64 64 64 64 64 64 64 64 64 64 64 64 64 64 64
 64 64 64 64 64 64 64 64 64 64 64 64 64 64 64 64 64 64 64 64
 64 64 64 64 64 64 64 64 64 64 64 64 64 64 64 64 64 64 64 64
 64 64 64 64 64 64 64 64 64 64 64 64 64 64 64 64 64 64 64 64
 64 64 64 64 64 64 64 64 64 64 64 64 64 64 64 64 64 64 64 64
