# Created by manolo on vie jun 14 20:54:57 CEST 2013 <manolo@pinwino2>
# name: mmdp
# type: matrix
# rows: 9
# columns: 7
19.6052625179290 25.9380379915237 19.6273075342178 30.5622620582580 24.3096045255661 37.0476510524749 23.4258730411530 
17.1993365287781 18.5907964706421 17.8100950717926 15.2802940607070 19.0345625877381 18.8816875219346 13.2789599895478 
20.4708044528961 17.3803139925003 17.7320045232773 23.3450355529785 20.0139464139938 27.9283795356750 19.6581910848617 
25.9429030418396 39.7542144060135 23.4683029651642 62.7125126123428 16.9187849760056 57.0675079822540 24.8268309831620 
18.1995013952255 23.7755166292191 14.8442724943161 26.8271914720535 15.0664055347443 26.3685090541840 17.4351933002471 
24.4034140110016 33.1480510234832 19.8955866098404 49.1099728345871 15.8691624403000 38.4481890201568 16.2270779609680 
24.8295766115189 31.7312508821487 18.0346435308456 42.5974844694138 19.5548415184021 29.7870293855668 18.4513665437699 
18.2104361057281 21.0324769020080 16.4586805105209 23.2834004163742 16.7338160276413 20.5651279687881 16.1399145126343 
19.3140095472336 20.0916364192963 14.5579994916916 37.7244590520859 18.3800340890885 31.4926080703735 16.7865239381790 

# name: trap
# type: matrix
# rows: 9
# columns: 7
11.1247384548187 12.6109445095062 14.0985475778579 17.3186025619506 16.7747850418091 15.9004650115967 13.8550726175309 
10.6902444362640 12.5159655809402 13.1420609951019 14.0014320611954 15.5743290185928 12.3569309711456 15.2929110527039 
9.28625154495240 14.1478315591812 14.4412854909897 14.5522644519806 14.7468980550766 13.1400059461594 12.2863160371781 
12.2627815008164 25.5861095190048 13.4094794988632 30.6500614881516 9.69931602478027 25.8731689453125 13.1758695840836 
11.2326405048370 11.4116145372390 9.59792649745941 11.3429250717163 9.74546790122986 12.7678558826446 10.2342809438706 
12.1573415994644 14.3841249942780 7.03497743606567 21.4599295854568 9.45953404903412 17.7088173627853 11.5281620025634 
11.5909245014191 14.2147896289825 8.85572254657746 23.5290014743805 12.9129428863525 18.2675355672836 12.0422406196594 
9.52259695529940 11.3773798942566 10.5115849971771 15.8925369977951 11.8963729143143 13.8125574588775 8.70770454406738 
9.57291114330291 11.8070856332779 8.71476101875305 20.9800814390182 12.3416604995728 16.9409945011139 11.5153285264969 
