# name: evaluations
# type: matrix
# rows: 7
# columns: 20
 3597.12500000000 5029.50000000000 6056.43750000000 4244.50000000000 3628.06250000000 8963.06250000000 7829 5488.68750000000 3859.56250000000 9381.93750000000 5446.12500000000 2471.75000000000 2055.12500000000 8881.81250000000 6332 4396.56250000000 6041.43750000000 8507.56250000000 6472.12500000000 6455.37500000000
 1731.81250000000 5625 6795.56250000000 11435.7500000000 2387.37500000000 1692.81250000000 4554.87500000000 3377.93750000000 10865.5625000000 4438.62500000000 5554.62500000000 3756.62500000000 11863.6875000000 5492.12500000000 4407 7285.43750000000 2921.31250000000 9794.68750000000 9583.43750000000 5253.43750000000
 7033.18750000000 6013.68750000000 6384.06250000000 8936.43750000000 12523.7500000000 5578.87500000000 9022.87500000000 8420.12500000000 6899.68750000000 8088.25000000000 8198.75000000000 4067.25000000000 7549.62500000000 7851 12346.4375000000 6514.25000000000 9861.06250000000 9231 2088.31250000000 7361.93750000000
 3144.18750000000 1860.93750000000 6497.37500000000 5072.50000000000 5909.62500000000 6905.68750000000 8548.37500000000 3799.25000000000 3095.62500000000 3858.50000000000 3429.93750000000 8452.25000000000 4905.31250000000 3199.68750000000 2119.75000000000 15049.7500000000 1365.81250000000 5190.87500000000 10158.4375000000 7662.12500000000
 11382 6658.93750000000 9008.12500000000 4788.12500000000 16750.4375000000 14721.0625000000 10879 21598.5000000000 8234.93750000000 9029.31250000000 7021.12500000000 4702.43750000000 5180 17331.5625000000 16650.4375000000 13260.2500000000 20477.8125000000 4295.43750000000 2826.06250000000 17653.5000000000
 6200 8579.18750000000 2822.18750000000 3709.87500000000 3921.50000000000 3482.87500000000 3867.25000000000 4001.56250000000 10301.2500000000 7129.06250000000 6418.50000000000 10414.1250000000 4536.68750000000 6337.93750000000 7630.50000000000 11279.9375000000 3436.25000000000 6737.06250000000 5333.93750000000 5962.56250000000
 6868.37500000000 11968.8750000000 7867.93750000000 12860.1250000000 10187.2500000000 16193.4375000000 10148.2500000000 11580.9375000000 8097.62500000000 5507.75000000000 9972.93750000000 1867.31250000000 7855.25000000000 3363.43750000000 11595.3750000000 5391.06250000000 7646.43750000000 9351.81250000000 11611.8125000000 12718.6250000000
