# Created by manolo on 2013.06.01_03.48.52 <manolo@pinwino2>
# name: runtime
# type: matrix
# rows: 7
# columns: 20
 7.77832293510437 6.79480409622192 11.1569068431854 8.41275477409363 8.07310199737549 18.2865059375763 13.7313599586487 10.9709470272064 7.90878891944885 19.3096120357513 11.3083741664886 5.73985505104065 4.63471102714539 14.9715030193329 13.1806089878082 8.16402196884155 11.4254498481750 17.2433159351349 12.2175750732422 13.5877740383148
 4.52453207969666 12.2472660541534 15.1511039733887 26.9580478668213 5.09588408470154 2.80179786682129 8.51969599723816 6.00359010696411 24.6352488994598 9.45612692832947 10.5759630203247 7.67822003364563 28.1961081027985 12.6935050487518 7.43053197860718 16.3503749370575 6.73675417900085 22.9273409843445 22.3095610141754 12.8816719055176
 9.87691283226013 8.74122595787048 8.23002600669861 11.3035449981689 17.3907060623169 7.29269599914551 10.0658049583435 12.6128249168396 7.70464110374451 9.80751895904541 10.2381060123444 5.40043997764587 8.63853096961975 9.38833403587341 16.1158120632172 9.06436896324158 15.3376090526581 12.6763398647308 3.29481601715088 8.31507086753845
 6.70254302024841 3.10361289978027 17.9854001998901 11.3072140216827 17.6696748733521 17.6820659637451 30.0018410682678 9.93202686309814 8.65732121467590 11.3786361217499 9.88610506057739 26.9175870418549 10.8734819889069 9.94602012634277 4.36450600624084 43.9720590114594 2.08106398582458 16.3175771236420 32.8426399230957 23.5848081111908
 12.6632139682770 6.93817687034607 8.71936583518982 4.16125202178955 13.6961469650269 13.6714198589325 10.7715699672699 19.3120658397675 7.58846211433411 8.18289804458618 5.42355608940125 3.52586913108826 3.99959087371826 17.7793240547180 13.4934678077698 12.2188329696655 17.6097240447998 3.48267412185669 2.64650297164917 16.6541738510132
 13.3972518444061 19.8291389942169 4.83705306053162 7.64713287353516 8.76930093765259 8.43476295471191 9.47478294372559 9.48048996925354 27.8329720497131 20.8659470081329 12.0345489978790 31.7852339744568 12.1384599208832 15.7011020183563 15.8803670406342 29.3522021770477 8.46740102767944 16.4988319873810 11.3330271244049 14.0714359283447
 7.38244104385376 14.1992890834808 9.41956114768982 13.1239418983459 10.1921880245209 14.2408521175385 13.8126800060272 11.9161591529846 8.10099291801453 6.40846085548401 9.08869409561157 1.87140512466431 10.2763738632202 3.08954000473022 12.6127409934998 6.90390300750732 6.85659694671631 10.5555601119995 14.9007508754730 15.3270461559296
