# Created by manolo on 2013.06.01_03.48.52 <manolo@pinwino2>
# name: runtime
# type: matrix
# rows: 7
# columns: 20
 7.77832293510437 6.79480409622192 11.1569068431854 8.41275477409363 8.07310199737549 18.2865059375763 13.7313599586487 10.9709470272064 7.90878891944885 19.3096120357513 11.3083741664886 5.73985505104065 4.63471102714539 14.9715030193329 13.1806089878082 8.16402196884155 11.4254498481750 17.2433159351349 12.2175750732422 13.5877740383148
 4.52453207969666 12.2472660541534 15.1511039733887 26.9580478668213 5.09588408470154 2.80179786682129 8.51969599723816 6.00359010696411 24.6352488994598 9.45612692832947 10.5759630203247 7.67822003364563 28.1961081027985 12.6935050487518 7.43053197860718 16.3503749370575 6.73675417900085 22.9273409843445 22.3095610141754 12.8816719055176
 9.87691283226013 8.74122595787048 8.23002600669861 11.3035449981689 17.3907060623169 7.29269599914551 10.0658049583435 12.6128249168396 7.70464110374451 9.80751895904541 10.2381060123444 5.40043997764587 8.63853096961975 9.38833403587341 16.1158120632172 9.06436896324158 15.3376090526581 12.6763398647308 3.29481601715088 8.31507086753845
 6.70254302024841 3.10361289978027 17.9854001998901 11.3072140216827 17.6696748733521 17.6820659637451 30.0018410682678 9.93202686309814 8.65732121467590 11.3786361217499 9.88610506057739 26.9175870418549 10.8734819889069 9.94602012634277 4.36450600624084 43.9720590114594 2.08106398582458 16.3175771236420 32.8426399230957 23.5848081111908
 12.6632139682770 6.93817687034607 8.71936583518982 4.16125202178955 13.6961469650269 13.6714198589325 10.7715699672699 19.3120658397675 7.58846211433411 8.18289804458618 5.42355608940125 3.52586913108826 3.99959087371826 17.7793240547180 13.4934678077698 12.2188329696655 17.6097240447998 3.48267412185669 2.64650297164917 16.6541738510132
 13.3972518444061 19.8291389942169 4.83705306053162 7.64713287353516 8.76930093765259 8.43476295471191 9.47478294372559 9.48048996925354 27.8329720497131 20.8659470081329 12.0345489978790 31.7852339744568 12.1384599208832 15.7011020183563 15.8803670406342 29.3522021770477 8.46740102767944 16.4988319873810 11.3330271244049 14.0714359283447
 7.38244104385376 14.1992890834808 9.41956114768982 13.1239418983459 10.1921880245209 14.2408521175385 13.8126800060272 11.9161591529846 8.10099291801453 6.40846085548401 9.08869409561157 1.87140512466431 10.2763738632202 3.08954000473022 12.6127409934998 6.90390300750732 6.85659694671631 10.5555601119995 14.9007508754730 15.3270461559296
# name: experiments
# type: string
# elements: 7
# length: 7
CL1-CR1
# length: 7
CL1-CR2
# length: 7
CL2-CR1
# length: 7
CL1-CR4
# length: 7
CL4-CR1
# length: 7
CL1-CR3
# length: 7
CL3-CR1
# name: evaluations
# type: matrix
# rows: 7
# columns: 20
 3597.12500000000 5029.50000000000 6056.43750000000 4244.50000000000 3628.06250000000 8963.06250000000 7829 5488.68750000000 3859.56250000000 9381.93750000000 5446.12500000000 2471.75000000000 2055.12500000000 8881.81250000000 6332 4396.56250000000 6041.43750000000 8507.56250000000 6472.12500000000 6455.37500000000
 1731.81250000000 5625 6795.56250000000 11435.7500000000 2387.37500000000 1692.81250000000 4554.87500000000 3377.93750000000 10865.5625000000 4438.62500000000 5554.62500000000 3756.62500000000 11863.6875000000 5492.12500000000 4407 7285.43750000000 2921.31250000000 9794.68750000000 9583.43750000000 5253.43750000000
 7033.18750000000 6013.68750000000 6384.06250000000 8936.43750000000 12523.7500000000 5578.87500000000 9022.87500000000 8420.12500000000 6899.68750000000 8088.25000000000 8198.75000000000 4067.25000000000 7549.62500000000 7851 12346.4375000000 6514.25000000000 9861.06250000000 9231 2088.31250000000 7361.93750000000
 3144.18750000000 1860.93750000000 6497.37500000000 5072.50000000000 5909.62500000000 6905.68750000000 8548.37500000000 3799.25000000000 3095.62500000000 3858.50000000000 3429.93750000000 8452.25000000000 4905.31250000000 3199.68750000000 2119.75000000000 15049.7500000000 1365.81250000000 5190.87500000000 10158.4375000000 7662.12500000000
 11382 6658.93750000000 9008.12500000000 4788.12500000000 16750.4375000000 14721.0625000000 10879 21598.5000000000 8234.93750000000 9029.31250000000 7021.12500000000 4702.43750000000 5180 17331.5625000000 16650.4375000000 13260.2500000000 20477.8125000000 4295.43750000000 2826.06250000000 17653.5000000000
 6200 8579.18750000000 2822.18750000000 3709.87500000000 3921.50000000000 3482.87500000000 3867.25000000000 4001.56250000000 10301.2500000000 7129.06250000000 6418.50000000000 10414.1250000000 4536.68750000000 6337.93750000000 7630.50000000000 11279.9375000000 3436.25000000000 6737.06250000000 5333.93750000000 5962.56250000000
 6868.37500000000 11968.8750000000 7867.93750000000 12860.1250000000 10187.2500000000 16193.4375000000 10148.2500000000 11580.9375000000 8097.62500000000 5507.75000000000 9972.93750000000 1867.31250000000 7855.25000000000 3363.43750000000 11595.3750000000 5391.06250000000 7646.43750000000 9351.81250000000 11611.8125000000 12718.6250000000
11.2326405048370 11.4116145372390 9.59792649745941 11.3429250717163 9.74546790122986 12.7678558826446 10.2342809438706 
